Variable;Scenario;Scenario_name;Class;UF;1995;2000;2005;2010;2015;2020;2025;2030;2035;2040;2045;2050
Pasture condition dynamics;A;Current trends (BAU);Degraded pasture;RO;0.00434621;0.00434621;0.003968667;0.006030534;0.003971584;0.006197936;0.008125797;0.00952501;0.010920646;0.012226626;0.013427125;0.014500879
Pasture condition dynamics;A;Current trends (BAU);Degraded pasture;AC;0.000166341;0.000166341;0.000163194;0.000179148;0.00011364;0.000158228;0.000229349;0.000271249;0.000313055;0.000352282;0.00038844;0.000420887
Pasture condition dynamics;A;Current trends (BAU);Degraded pasture;AM;0.000684707;0.000684707;0.000686089;0.000811692;0.000760406;0.000826533;0.001473156;0.001792292;0.002110971;0.002412089;0.002691581;0.002944441
Pasture condition dynamics;A;Current trends (BAU);Degraded pasture;RR;0.000351913;0.000351913;0.000417704;0.000366326;0.000596713;0.000362872;0.00082137;0.000980883;0.001140087;0.001289868;0.001428296;0.001552903
Pasture condition dynamics;A;Current trends (BAU);Degraded pasture;PA;0.012561589;0.012561589;0.012826859;0.013283634;0.013087514;0.01029342;0.015292905;0.016663019;0.018022706;0.01923887;0.02030481;0.021202717
Pasture condition dynamics;A;Current trends (BAU);Degraded pasture;AP;7.15193E-05;7.15193E-05;6.76056E-05;6.05081E-05;5.06724E-05;4.19922E-05;9.1209E-05;0.000108702;0.00012616;0.000142575;0.000157739;0.00017138
Pasture condition dynamics;A;Current trends (BAU);Degraded pasture;TO;0.013271178;0.013271178;0.013733059;0.013402811;0.013712742;0.010220404;0.010756976;0.009828569;0.008887298;0.007882836;0.00684504;0.005794656
Pasture condition dynamics;A;Current trends (BAU);Degraded pasture;MA;0.005056454;0.005056454;0.005185265;0.005873378;0.006099126;0.004328146;0.006275645;0.006583154;0.00688564;0.007134314;0.007331079;0.007473107
Pasture condition dynamics;A;Current trends (BAU);Degraded pasture;PI;0.002834096;0.002834096;0.003321401;0.004151795;0.006570615;0.002839932;0.002454755;0.001164867;0;0;0;0
Pasture condition dynamics;A;Current trends (BAU);Degraded pasture;CE;0.003450471;0.003450471;0.003669769;0.00509677;0.008999509;0.003903928;0.002901989;0.001048842;0;0;0;0
Pasture condition dynamics;A;Current trends (BAU);Degraded pasture;RN;0.003429094;0.003429094;0.00367585;0.002983048;0.004955147;0.002591226;0.001945452;0.001064314;0.000178765;0;0;0
Pasture condition dynamics;A;Current trends (BAU);Degraded pasture;PB;0.003924759;0.003924759;0.003823534;0.00381453;0.006808205;0.004489861;0.003666513;0.002823249;0.001974061;0.001113848;0.000262413;0
Pasture condition dynamics;A;Current trends (BAU);Degraded pasture;PE;0.006200766;0.006200766;0.006274712;0.006997779;0.012515733;0.006194684;0.005166275;0.002995346;0.000813199;0;0;0
Pasture condition dynamics;A;Current trends (BAU);Degraded pasture;AL;0.002169708;0.002169708;0.001908071;0.001466166;0.003590056;0.001386759;0.001328741;0.000776279;0.00022095;0;0;0
Pasture condition dynamics;A;Current trends (BAU);Degraded pasture;SE;0.001628332;0.001628332;0.001475012;0.00137588;0.002674436;0.001481113;0.001398669;0.001089963;0.000779035;0.000463643;0.000151102;0
Pasture condition dynamics;A;Current trends (BAU);Degraded pasture;BA;0.02045618;0.02045618;0.021214865;0.031652446;0.047132294;0.024078169;0.021570726;0.013409294;0.005203656;0;0;0
Pasture condition dynamics;A;Current trends (BAU);Degraded pasture;MG;0.046731829;0.046731829;0.045482557;0.046099072;0.050538501;0.033565715;0.030970295;0.025012009;0.019007087;0.012885796;0.006794128;0.000849579
Pasture condition dynamics;A;Current trends (BAU);Degraded pasture;ES;0.002699984;0.002699984;0.003292023;0.004997585;0.006541749;0.002963234;0.003503718;0.002822543;0.002136071;0.001436575;0.000740703;6.18708E-05
Pasture condition dynamics;A;Current trends (BAU);Degraded pasture;RJ;0.00192406;0.00192406;0.002193361;0.001934308;0.002397993;0.001574406;0.001915707;0.001884531;0.001851457;0.001804451;0.001746381;0.00167858
Pasture condition dynamics;A;Current trends (BAU);Degraded pasture;SP;0.025274037;0.025274037;0.022558917;0.015224299;0.007631312;0.010506543;0.006623646;0.004896905;0.003158867;0.001404972;0;0
Pasture condition dynamics;A;Current trends (BAU);Degraded pasture;PR;0.005135002;0.005135002;0.004073533;0.003197285;0.001767133;0.002971135;0.002239681;0.002169069;0.002096138;0.002007601;0.001907433;0.001797797
Pasture condition dynamics;A;Current trends (BAU);Degraded pasture;SC;0.000755898;0.000755898;0.000619719;0.000365176;0.000194894;0.000266035;0.000198752;0.000168927;0.000138827;0.000107812;7.6666E-05;4.59946E-05
Pasture condition dynamics;A;Current trends (BAU);Degraded pasture;RS;0.000298931;0.000298931;0.000221101;0.000127298;4.43137E-05;6.71593E-05;4.94632E-05;3.80658E-05;2.65885E-05;1.49628E-05;3.45639E-06;0
Pasture condition dynamics;A;Current trends (BAU);Degraded pasture;MS;0.040808147;0.040808147;0.037770523;0.039700299;0.023095009;0.031279756;0.023692947;0.020925408;0.018127424;0.015204679;0.01223614;0.009280209
Pasture condition dynamics;A;Current trends (BAU);Degraded pasture;MT;0.053537168;0.053537168;0.052156593;0.057098118;0.039333301;0.042112368;0.039940464;0.03713557;0.034284793;0.031186568;0.027940022;0.024610891
Pasture condition dynamics;A;Current trends (BAU);Degraded pasture;GO;0.029898677;0.029898677;0.027154428;0.02763197;0.020192251;0.017995403;0.014336176;0.010784065;0.007208046;0.003594007;2.40331E-05;0
Pasture condition dynamics;A;Current trends (BAU);Degraded pasture;DF;0.000511904;0.000511904;0.000474766;0.000360081;0.000286283;0.000275677;0.000242245;0.000216268;0.000189987;0.000162384;0.000134224;0.000106064
Pasture condition dynamics;A;Current trends (BAU);Intermediate pasture;RO;0.017283018;0.017283018;0.019198381;0.023361757;0.022450431;0.026937339;0.030513502;0.03365976;0.03678642;0.039618481;0.042135033;0.04429329
Pasture condition dynamics;A;Current trends (BAU);Intermediate pasture;AC;0.002190083;0.002190083;0.002268981;0.002470523;0.001679129;0.002534203;0.003369748;0.003978462;0.004585774;0.005155339;0.005680073;0.006150657
Pasture condition dynamics;A;Current trends (BAU);Intermediate pasture;AM;0.001603622;0.001603622;0.001916055;0.002728237;0.00290284;0.003951084;0.005956052;0.007309216;0.008660715;0.00993996;0.011129368;0.012207591
Pasture condition dynamics;A;Current trends (BAU);Intermediate pasture;RR;0.001080308;0.001080308;0.00126397;0.001452172;0.001623379;0.001894774;0.002296052;0.002616974;0.002936669;0.003232515;0.003501403;0.003738632
Pasture condition dynamics;A;Current trends (BAU);Intermediate pasture;PA;0.034134493;0.034134493;0.040359081;0.046992412;0.049346719;0.050624081;0.05828201;0.062697873;0.067071649;0.07091453;0.0742157;0.076921456
Pasture condition dynamics;A;Current trends (BAU);Intermediate pasture;AP;8.08328E-05;8.08328E-05;8.80143E-05;0.0001159;9.81184E-05;6.29415E-05;9.13049E-05;8.7365E-05;8.33274E-05;7.86748E-05;7.35887E-05;6.81757E-05
Pasture condition dynamics;A;Current trends (BAU);Intermediate pasture;TO;0.01576689;0.01576689;0.016876204;0.018170758;0.01994193;0.020179333;0.021280118;0.022141292;0.022984904;0.023649665;0.02414535;0.02446556
Pasture condition dynamics;A;Current trends (BAU);Intermediate pasture;MA;0.014061499;0.014061499;0.015676189;0.018055471;0.019782229;0.018749148;0.02085688;0.021664244;0.022454288;0.02306977;0.023520941;0.023802175
Pasture condition dynamics;A;Current trends (BAU);Intermediate pasture;PI;0.004124724;0.004124724;0.004345342;0.004601438;0.004032197;0.005369103;0.005994057;0.006748189;0.007498869;0.008188962;0.008811874;0.009356809
Pasture condition dynamics;A;Current trends (BAU);Intermediate pasture;CE;0.005723706;0.005723706;0.006637181;0.006929604;0.005161848;0.007766957;0.00789068;0.008676553;0.009457277;0.010162372;0.010786939;0.011320399
Pasture condition dynamics;A;Current trends (BAU);Intermediate pasture;RN;0.00273699;0.00273699;0.002435635;0.002083986;0.00134659;0.002829538;0.002919395;0.00340683;0.003892935;0.004347133;0.004764019;0.00513622
Pasture condition dynamics;A;Current trends (BAU);Intermediate pasture;PB;0.003504516;0.003504516;0.003146781;0.003076833;0.001914931;0.00343339;0.00410714;0.004818293;0.00552765;0.006191612;0.006802109;0.007348325
Pasture condition dynamics;A;Current trends (BAU);Intermediate pasture;PE;0.007085941;0.007085941;0.006705337;0.006119649;0.00374889;0.007045978;0.007136288;0.008128065;0.009116006;0.010029941;0.010860302;0.011592582
Pasture condition dynamics;A;Current trends (BAU);Intermediate pasture;AL;0.004972229;0.004972229;0.004639241;0.004206427;0.003737092;0.004211347;0.003874077;0.00382916;0.003780456;0.003703217;0.003602909;0.003481912
Pasture condition dynamics;A;Current trends (BAU);Intermediate pasture;SE;0.00375304;0.00375304;0.003534347;0.00335872;0.002938943;0.003277255;0.00302155;0.00298577;0.002947035;0.00288606;0.002807119;0.002712085
Pasture condition dynamics;A;Current trends (BAU);Intermediate pasture;BA;0.040215185;0.040215185;0.039830502;0.039047658;0.034275604;0.040135459;0.039019252;0.040414836;0.041777681;0.042816247;0.043551809;0.04397586
Pasture condition dynamics;A;Current trends (BAU);Intermediate pasture;MG;0.073893121;0.073893121;0.068452466;0.06474006;0.057713603;0.062364585;0.055520816;0.053479384;0.051379598;0.048898764;0.046140738;0.043164231
Pasture condition dynamics;A;Current trends (BAU);Intermediate pasture;ES;0.008830726;0.008830726;0.007701475;0.00595332;0.005193805;0.006747894;0.006140985;0.006206535;0.006266483;0.006278469;0.006248658;0.006178421
Pasture condition dynamics;A;Current trends (BAU);Intermediate pasture;RJ;0.006371917;0.006371917;0.006072584;0.005728894;0.005889212;0.005708471;0.005725699;0.005686745;0.005642274;0.005555083;0.005432746;0.005278303
Pasture condition dynamics;A;Current trends (BAU);Intermediate pasture;SP;0.026568141;0.026568141;0.020982865;0.016318732;0.014960122;0.012589897;0.010933379;0.009023309;0.007097341;0.005126432;0.003158589;0.00123189
Pasture condition dynamics;A;Current trends (BAU);Intermediate pasture;PR;0.014192807;0.014192807;0.012180566;0.009346328;0.006341187;0.006335424;0.004728134;0.003563008;0.002390015;0.001204356;3.2986E-05;0
Pasture condition dynamics;A;Current trends (BAU);Intermediate pasture;SC;0.002872167;0.002872167;0.002825068;0.001875587;0.001251254;0.001517776;0.001321126;0.001243213;0.001163825;0.001075956;0.000982612;0.000885707
Pasture condition dynamics;A;Current trends (BAU);Intermediate pasture;RS;0.00192409;0.00192409;0.001511011;0.001097995;0.000519728;0.000677795;0.000530424;0.000428793;0.000326364;0.000221934;0.000117995;1.65528E-05
Pasture condition dynamics;A;Current trends (BAU);Intermediate pasture;MS;0.047051742;0.047051742;0.04451349;0.042200791;0.04228048;0.036731907;0.034795437;0.031515271;0.028192686;0.024671226;0.021052533;0.017408584
Pasture condition dynamics;A;Current trends (BAU);Intermediate pasture;MT;0.047600894;0.047600894;0.052605101;0.053308386;0.056633479;0.055840826;0.057168674;0.057558513;0.057895548;0.057790496;0.057304763;0.056454988
Pasture condition dynamics;A;Current trends (BAU);Intermediate pasture;GO;0.044451368;0.044451368;0.041816123;0.04014253;0.039260533;0.037207349;0.034431523;0.032107574;0.029744346;0.027165923;0.024456041;0.021669713
Pasture condition dynamics;A;Current trends (BAU);Intermediate pasture;DF;0.00022054;0.00022054;0.000177222;0.000151096;0.000180665;0.000197194;0.000202248;0.00021539;0.000228379;0.000239569;0.000248963;0.000256413
Pasture condition dynamics;A;Current trends (BAU);Well-managed pasture;RO;0.011975006;0.011975006;0.019553182;0.016456837;0.021868252;0.019839686;0.019429065;0.019251119;0.01905432;0.018713471;0.018255114;0.017690361
Pasture condition dynamics;A;Current trends (BAU);Well-managed pasture;AC;0.005025557;0.005025557;0.006597018;0.007605543;0.00950431;0.010621494;0.012006961;0.013348686;0.014683002;0.015899325;0.016987533;0.017928966
Pasture condition dynamics;A;Current trends (BAU);Well-managed pasture;AM;0.002726124;0.002726124;0.003817226;0.004535363;0.005743618;0.008410988;0.010784608;0.013094774;0.015401516;0.017580223;0.019601614;0.021429497
Pasture condition dynamics;A;Current trends (BAU);Well-managed pasture;RR;0.00112972;0.00112972;0.001640771;0.002076932;0.002153631;0.002835813;0.002942174;0.003274301;0.003604623;0.003905964;0.004175785;0.004409453
Pasture condition dynamics;A;Current trends (BAU);Well-managed pasture;PA;0.027930913;0.027930913;0.042244433;0.049680682;0.052011218;0.063952485;0.065120267;0.070183957;0.075201;0.079622271;0.083433312;0.08657184
Pasture condition dynamics;A;Current trends (BAU);Well-managed pasture;AP;6.78335E-05;6.78335E-05;5.6448E-05;8.74869E-05;0.000106839;0.000123701;0.000148816;0.000170183;0.000191472;0.000211204;0.000229167;0.000245046
Pasture condition dynamics;A;Current trends (BAU);Well-managed pasture;TO;0.011540737;0.011540737;0.012760311;0.013872778;0.015729986;0.0181085;0.017940082;0.018902128;0.019850058;0.020642498;0.021283376;0.021763148
Pasture condition dynamics;A;Current trends (BAU);Well-managed pasture;MA;0.012644965;0.012644965;0.015433167;0.018331945;0.020874743;0.026484992;0.027224845;0.029991478;0.032740508;0.035227498;0.037434534;0.039324153
Pasture condition dynamics;A;Current trends (BAU);Well-managed pasture;PI;0.002404873;0.002404873;0.002407824;0.001998896;0.001805644;0.004007465;0.004880669;0.006124108;0.007366575;0.008547148;0.009648959;0.010652148
Pasture condition dynamics;A;Current trends (BAU);Well-managed pasture;CE;0.002102777;0.002102777;0.002406894;0.002070293;0.000889848;0.003846074;0.00610626;0.008142071;0.01017807;0.012127052;0.013959138;0.015641039
Pasture condition dynamics;A;Current trends (BAU);Well-managed pasture;RN;0.001261556;0.001261556;0.001129713;0.001074911;0.000917297;0.001582119;0.002238933;0.002779773;0.00332008;0.003832585;0.004310089;0.004744002
Pasture condition dynamics;A;Current trends (BAU);Well-managed pasture;PB;0.003055068;0.003055068;0.002908007;0.002776545;0.002320018;0.003098063;0.003699714;0.004215182;0.004728664;0.005203753;0.005635465;0.006016256
Pasture condition dynamics;A;Current trends (BAU);Well-managed pasture;PE;0.004285232;0.004285232;0.00364794;0.003295847;0.001533281;0.004122327;0.005238979;0.006548917;0.007857739;0.009100618;0.010259901;0.011314705
Pasture condition dynamics;A;Current trends (BAU);Well-managed pasture;AL;0.002787687;0.002787687;0.002572545;0.002973222;0.001669654;0.00336051;0.00356398;0.00416536;0.004765134;0.005325831;0.005840734;0.006300735
Pasture condition dynamics;A;Current trends (BAU);Well-managed pasture;SE;0.003881399;0.003881399;0.003672847;0.003748877;0.002617729;0.003166708;0.003018543;0.003026548;0.003031729;0.003013818;0.002976288;0.002920238
Pasture condition dynamics;A;Current trends (BAU);Well-managed pasture;BA;0.037613609;0.037613609;0.032296075;0.023217053;0.017148851;0.032975941;0.034586488;0.041097457;0.04759482;0.05369949;0.059333965;0.064397964
Pasture condition dynamics;A;Current trends (BAU);Well-managed pasture;MG;0.042313143;0.042313143;0.034070372;0.030746457;0.028327152;0.03601363;0.033745868;0.035166107;0.036558654;0.037666492;0.038504123;0.03906044
Pasture condition dynamics;A;Current trends (BAU);Well-managed pasture;ES;0.00471791;0.00471791;0.003207271;0.002696911;0.001853366;0.003235441;0.00267794;0.002712736;0.002745107;0.002756439;0.002749307;0.002724199
Pasture condition dynamics;A;Current trends (BAU);Well-managed pasture;RJ;0.004554287;0.004554287;0.00339583;0.003815749;0.0034758;0.004179223;0.003683697;0.003574627;0.003461763;0.00332309;0.003165018;0.002990978
Pasture condition dynamics;A;Current trends (BAU);Well-managed pasture;SP;0.010861055;0.010861055;0.007588991;0.007716854;0.010219017;0.007488358;0.007808995;0.007075631;0.006332755;0.005545191;0.004735699;0.003920383
Pasture condition dynamics;A;Current trends (BAU);Well-managed pasture;PR;0.012582293;0.012582293;0.011649014;0.011190276;0.013076252;0.010060025;0.009915062;0.008838311;0.007749059;0.006605971;0.005440606;0.004275974
Pasture condition dynamics;A;Current trends (BAU);Well-managed pasture;SC;0.003810256;0.003810256;0.004004547;0.003703155;0.004151497;0.003612812;0.003704763;0.003599251;0.003489935;0.003354579;0.003199554;0.003028236
Pasture condition dynamics;A;Current trends (BAU);Well-managed pasture;RS;0.001932993;0.001932993;0.001687546;0.001305249;0.00185502;0.001697601;0.001964349;0.00211978;0.002273813;0.00240982;0.002527317;0.002624378
Pasture condition dynamics;A;Current trends (BAU);Well-managed pasture;MS;0.020969046;0.020969046;0.020671672;0.018163024;0.027346826;0.019176636;0.020289445;0.01895419;0.017595888;0.016110096;0.014545533;0.012934016
Pasture condition dynamics;A;Current trends (BAU);Well-managed pasture;MT;0.021105508;0.021105508;0.029368851;0.025862112;0.034248787;0.03022356;0.030733141;0.03060096;0.030439393;0.030046986;0.029462995;0.028702374
Pasture condition dynamics;A;Current trends (BAU);Well-managed pasture;GO;0.026166576;0.026166576;0.024980427;0.023026143;0.029597607;0.029784515;0.03112595;0.032561754;0.033972385;0.035117899;0.036009374;0.036634353
Pasture condition dynamics;A;Current trends (BAU);Well-managed pasture;DF;8.0334E-05;8.0334E-05;6.26851E-05;5.36585E-05;8.76902E-05;9.76559E-05;0.000101234;0.000111606;0.000121912;0.000131243;0.000139529;0.00014663
Pasture condition dynamics;B;Good governance (ABC+);Degraded pasture;RO;0.00434621;0.00434621;0.003968667;0.006030534;0.003971584;0.006197936;0.00779886;0.000987725;0.000987725;0.000987725;0.000987725;0.000987725
Pasture condition dynamics;B;Good governance (ABC+);Degraded pasture;AC;0.000166341;0.000166341;0.000163194;0.000179148;0.00011364;0.000158228;0.000240794;2.57404E-05;2.57404E-05;2.57404E-05;2.57404E-05;2.57404E-05
Pasture condition dynamics;B;Good governance (ABC+);Degraded pasture;AM;0.000684707;0.000684707;0.000686089;0.000811692;0.000760406;0.000826533;0.001648779;0.000138613;0.000138613;0.000138613;0.000138613;0.000138613
Pasture condition dynamics;B;Good governance (ABC+);Degraded pasture;RR;0.000351913;0.000351913;0.000417704;0.000366326;0.000596713;0.000362872;0.001002721;6.70245E-05;6.70245E-05;6.70245E-05;6.70245E-05;6.70245E-05
Pasture condition dynamics;B;Good governance (ABC+);Degraded pasture;PA;0.012561589;0.012561589;0.012826859;0.013283634;0.013087514;0.01029342;0.016455366;0.001862289;0.001862289;0.001862289;0.001862289;0.001862289
Pasture condition dynamics;B;Good governance (ABC+);Degraded pasture;AP;7.15193E-05;7.15193E-05;6.76056E-05;6.05081E-05;5.06724E-05;4.19922E-05;0.000106122;7.67575E-06;7.67575E-06;7.67575E-06;7.67575E-06;7.67575E-06
Pasture condition dynamics;B;Good governance (ABC+);Degraded pasture;TO;0.013271178;0.013271178;0.013733059;0.013402811;0.013712742;0.010220404;0.010241751;0.001882663;0.001882663;0.001882663;0.001882663;0.001882663
Pasture condition dynamics;B;Good governance (ABC+);Degraded pasture;MA;0.005056454;0.005056454;0.005185265;0.005873378;0.006099126;0.004328146;0.00663452;0.000812673;0.000812673;0.000812673;0.000812673;0.000812673
Pasture condition dynamics;B;Good governance (ABC+);Degraded pasture;PI;0.002834096;0.002834096;0.003321401;0.004151795;0.006570615;0.002839932;0.002448587;0.000630629;0.000630629;0.000630629;0.000630629;0.000630629
Pasture condition dynamics;B;Good governance (ABC+);Degraded pasture;CE;0.003450471;0.003450471;0.003669769;0.00509677;0.008999509;0.003903928;0.002042282;0.001040529;0.001040529;0.001040529;0.001040529;0.001040529
Pasture condition dynamics;B;Good governance (ABC+);Degraded pasture;RN;0.003429094;0.003429094;0.00367585;0.002983048;0.004955147;0.002591226;0.001321223;0.000572469;0.000572469;0.000572469;0.000572469;0.000572469
Pasture condition dynamics;B;Good governance (ABC+);Degraded pasture;PB;0.003924759;0.003924759;0.003823534;0.00381453;0.006808205;0.004489861;0.002288125;0.000959039;0.000959039;0.000959039;0.000959039;0.000959039
Pasture condition dynamics;B;Good governance (ABC+);Degraded pasture;PE;0.006200766;0.006200766;0.006274712;0.006997779;0.012515733;0.006194684;0.003709888;0.001594097;0.001594097;0.001594097;0.001594097;0.001594097
Pasture condition dynamics;B;Good governance (ABC+);Degraded pasture;AL;0.002169708;0.002169708;0.001908071;0.001466166;0.003590056;0.001386759;0.000825693;0.000442596;0.000442596;0.000442596;0.000442596;0.000442596
Pasture condition dynamics;B;Good governance (ABC+);Degraded pasture;SE;0.001628332;0.001628332;0.001475012;0.00137588;0.002674436;0.001481113;0.000938585;0.000363118;0.000363118;0.000363118;0.000363118;0.000363118
Pasture condition dynamics;B;Good governance (ABC+);Degraded pasture;BA;0.02045618;0.02045618;0.021214865;0.031652446;0.047132294;0.024078169;0.020262022;0.005339046;0.005339046;0.005339046;0.005339046;0.005339046
Pasture condition dynamics;B;Good governance (ABC+);Degraded pasture;MG;0.046731829;0.046731829;0.045482557;0.046099072;0.050538501;0.033565715;0.03012968;0.006491628;0.006491628;0.006491628;0.006491628;0.006491628
Pasture condition dynamics;B;Good governance (ABC+);Degraded pasture;ES;0.002699984;0.002699984;0.003292023;0.004997585;0.006541749;0.002963234;0.003498546;0.00052836;0.00052836;0.00052836;0.00052836;0.00052836
Pasture condition dynamics;B;Good governance (ABC+);Degraded pasture;RJ;0.00192406;0.00192406;0.002193361;0.001934308;0.002397993;0.001574406;0.001903495;0.000285368;0.000285368;0.000285368;0.000285368;0.000285368
Pasture condition dynamics;B;Good governance (ABC+);Degraded pasture;SP;0.025274037;0.025274037;0.022558917;0.015224299;0.007631312;0.010506543;0.004932029;0.001933255;0.001933255;0.001933255;0.001933255;0.001933255
Pasture condition dynamics;B;Good governance (ABC+);Degraded pasture;PR;0.005135002;0.005135002;0.004073533;0.003197285;0.001767133;0.002971135;0.00130231;0.000546139;0.000546139;0.000546139;0.000546139;0.000546139
Pasture condition dynamics;B;Good governance (ABC+);Degraded pasture;SC;0.000755898;0.000755898;0.000619719;0.000365176;0.000194894;0.000266035;0.000171314;4.4522E-05;4.4522E-05;4.4522E-05;4.4522E-05;4.4522E-05
Pasture condition dynamics;B;Good governance (ABC+);Degraded pasture;RS;0.000298931;0.000298931;0.000221101;0.000127298;4.43137E-05;6.71593E-05;5.28131E-05;1.02212E-05;1.02212E-05;1.02212E-05;1.02212E-05;1.02212E-05
Pasture condition dynamics;B;Good governance (ABC+);Degraded pasture;MS;0.040808147;0.040808147;0.037770523;0.039700299;0.023095009;0.031279756;0.017157226;0.005689409;0.005689409;0.005689409;0.005689409;0.005689409
Pasture condition dynamics;B;Good governance (ABC+);Degraded pasture;MT;0.053537168;0.053537168;0.052156593;0.057098118;0.039333301;0.042112368;0.03845951;0.007270498;0.007270498;0.007270498;0.007270498;0.007270498
Pasture condition dynamics;B;Good governance (ABC+);Degraded pasture;GO;0.029898677;0.029898677;0.027154428;0.02763197;0.020192251;0.017995403;0.013133233;0.003298166;0.003298166;0.003298166;0.003298166;0.003298166
Pasture condition dynamics;B;Good governance (ABC+);Degraded pasture;DF;0.000511904;0.000511904;0.000474766;0.000360081;0.000286283;0.000275677;0.000199422;5.00814E-05;5.00814E-05;5.00814E-05;5.00814E-05;5.00814E-05
Pasture condition dynamics;B;Good governance (ABC+);Intermediate pasture;RO;0.017283018;0.017283018;0.019198381;0.023361757;0.022450431;0.026937339;0.030926349;0.036121297;0.036121297;0.036121297;0.036121297;0.036121297
Pasture condition dynamics;B;Good governance (ABC+);Intermediate pasture;AC;0.002190083;0.002190083;0.002268981;0.002470523;0.001679129;0.002534203;0.003856727;0.007081639;0.007081639;0.007081639;0.007081639;0.007081639
Pasture condition dynamics;B;Good governance (ABC+);Intermediate pasture;AM;0.001603622;0.001603622;0.001916055;0.002728237;0.00290284;0.003951084;0.006450946;0.013537888;0.013537888;0.013537888;0.013537888;0.013537888
Pasture condition dynamics;B;Good governance (ABC+);Intermediate pasture;RR;0.001080308;0.001080308;0.00126397;0.001452172;0.001623379;0.001894774;0.002236784;0.003698492;0.003698492;0.003698492;0.003698492;0.003698492
Pasture condition dynamics;B;Good governance (ABC+);Intermediate pasture;PA;0.034134493;0.034134493;0.040359081;0.046992412;0.049346719;0.050624081;0.059192022;0.077038149;0.077038149;0.077038149;0.077038149;0.077038149
Pasture condition dynamics;B;Good governance (ABC+);Intermediate pasture;AP;8.08328E-05;8.08328E-05;8.80143E-05;0.0001159;9.81184E-05;6.29415E-05;7.72122E-05;0.000203956;0.000203956;0.000203956;0.000203956;0.000203956
Pasture condition dynamics;B;Good governance (ABC+);Intermediate pasture;TO;0.01576689;0.01576689;0.016876204;0.018170758;0.01994193;0.020179333;0.021485751;0.022086152;0.022086152;0.022086152;0.022086152;0.022086152
Pasture condition dynamics;B;Good governance (ABC+);Intermediate pasture;MA;0.014061499;0.014061499;0.015676189;0.018055471;0.019782229;0.018749148;0.022114091;0.02769071;0.02769071;0.02769071;0.02769071;0.02769071
Pasture condition dynamics;B;Good governance (ABC+);Intermediate pasture;PI;0.004124724;0.004124724;0.004345342;0.004601438;0.004032197;0.005369103;0.006070455;0.006882043;0.006882043;0.006882043;0.006882043;0.006882043
Pasture condition dynamics;B;Good governance (ABC+);Intermediate pasture;CE;0.005723706;0.005723706;0.006637181;0.006929604;0.005161848;0.007766957;0.007697772;0.009433131;0.009433131;0.009433131;0.009433131;0.009433131
Pasture condition dynamics;B;Good governance (ABC+);Intermediate pasture;RN;0.00273699;0.00273699;0.002435635;0.002083986;0.00134659;0.002829538;0.003152167;0.002811183;0.002811183;0.002811183;0.002811183;0.002811183
Pasture condition dynamics;B;Good governance (ABC+);Intermediate pasture;PB;0.003504516;0.003504516;0.003146781;0.003076833;0.001914931;0.00343339;0.004609919;0.003908116;0.003908116;0.003908116;0.003908116;0.003908116
Pasture condition dynamics;B;Good governance (ABC+);Intermediate pasture;PE;0.007085941;0.007085941;0.006705337;0.006119649;0.00374889;0.007045978;0.00687043;0.005956226;0.005956226;0.005956226;0.005956226;0.005956226
Pasture condition dynamics;B;Good governance (ABC+);Intermediate pasture;AL;0.004972229;0.004972229;0.004639241;0.004206427;0.003737092;0.004211347;0.003768256;0.003996436;0.003996436;0.003996436;0.003996436;0.003996436
Pasture condition dynamics;B;Good governance (ABC+);Intermediate pasture;SE;0.00375304;0.00375304;0.003534347;0.00335872;0.002938943;0.003277255;0.002710752;0.002314911;0.002314911;0.002314911;0.002314911;0.002314911
Pasture condition dynamics;B;Good governance (ABC+);Intermediate pasture;BA;0.040215185;0.040215185;0.039830502;0.039047658;0.034275604;0.040135459;0.038739165;0.036051841;0.036051841;0.036051841;0.036051841;0.036051841
Pasture condition dynamics;B;Good governance (ABC+);Intermediate pasture;MG;0.073893121;0.073893121;0.068452466;0.06474006;0.057713603;0.062364585;0.051221051;0.041481371;0.041481371;0.041481371;0.041481371;0.041481371
Pasture condition dynamics;B;Good governance (ABC+);Intermediate pasture;ES;0.008830726;0.008830726;0.007701475;0.00595332;0.005193805;0.006747894;0.00584602;0.005386866;0.005386866;0.005386866;0.005386866;0.005386866
Pasture condition dynamics;B;Good governance (ABC+);Intermediate pasture;RJ;0.006371917;0.006371917;0.006072584;0.005728894;0.005889212;0.005708471;0.005696424;0.005209899;0.005209899;0.005209899;0.005209899;0.005209899
Pasture condition dynamics;B;Good governance (ABC+);Intermediate pasture;SP;0.026568141;0.026568141;0.020982865;0.016318732;0.014960122;0.012589897;0.011147345;0.002139182;0.002139182;0.002139182;0.002139182;0.002139182
Pasture condition dynamics;B;Good governance (ABC+);Intermediate pasture;PR;0.014192807;0.014192807;0.012180566;0.009346328;0.006341187;0.006335424;0.00466619;0.000980984;0.000980984;0.000980984;0.000980984;0.000980984
Pasture condition dynamics;B;Good governance (ABC+);Intermediate pasture;SC;0.002872167;0.002872167;0.002825068;0.001875587;0.001251254;0.001517776;0.001238773;0.000964302;0.000964302;0.000964302;0.000964302;0.000964302
Pasture condition dynamics;B;Good governance (ABC+);Intermediate pasture;RS;0.00192409;0.00192409;0.001511011;0.001097995;0.000519728;0.000677795;0.00057241;0.000770813;0.000770813;0.000770813;0.000770813;0.000770813
Pasture condition dynamics;B;Good governance (ABC+);Intermediate pasture;MS;0.047051742;0.047051742;0.04451349;0.042200791;0.04228048;0.036731907;0.034523826;0.019639883;0.019639883;0.019639883;0.019639883;0.019639883
Pasture condition dynamics;B;Good governance (ABC+);Intermediate pasture;MT;0.047600894;0.047600894;0.052605101;0.053308386;0.056633479;0.055840826;0.053778498;0.052413561;0.052413561;0.052413561;0.052413561;0.052413561
Pasture condition dynamics;B;Good governance (ABC+);Intermediate pasture;GO;0.044451368;0.044451368;0.041816123;0.04014253;0.039260533;0.037207349;0.034630783;0.025902414;0.025902414;0.025902414;0.025902414;0.025902414
Pasture condition dynamics;B;Good governance (ABC+);Intermediate pasture;DF;0.00022054;0.00022054;0.000177222;0.000151096;0.000180665;0.000197194;0.000223166;0.000163015;0.000163015;0.000163015;0.000163015;0.000163015
Pasture condition dynamics;B;Good governance (ABC+);Well-managed pasture;RO;0.011975006;0.011975006;0.019553182;0.016456837;0.021868252;0.019839686;0.019343155;0.025326868;0.025326868;0.025326868;0.025326868;0.025326868
Pasture condition dynamics;B;Good governance (ABC+);Well-managed pasture;AC;0.005025557;0.005025557;0.006597018;0.007605543;0.00950431;0.010621494;0.011508538;0.010491016;0.010491016;0.010491016;0.010491016;0.010491016
Pasture condition dynamics;B;Good governance (ABC+);Well-managed pasture;AM;0.002726124;0.002726124;0.003817226;0.004535363;0.005743618;0.008410988;0.010114093;0.008519781;0.008519781;0.008519781;0.008519781;0.008519781
Pasture condition dynamics;B;Good governance (ABC+);Well-managed pasture;RR;0.00112972;0.00112972;0.001640771;0.002076932;0.002153631;0.002835813;0.00282009;0.003106642;0.003106642;0.003106642;0.003106642;0.003106642
Pasture condition dynamics;B;Good governance (ABC+);Well-managed pasture;PA;0.027930913;0.027930913;0.042244433;0.049680682;0.052011218;0.063952485;0.063047795;0.070644412;0.070644412;0.070644412;0.070644412;0.070644412
Pasture condition dynamics;B;Good governance (ABC+);Well-managed pasture;AP;6.78335E-05;6.78335E-05;5.6448E-05;8.74869E-05;0.000106839;0.000123701;0.000147996;0.000154618;0.000154618;0.000154618;0.000154618;0.000154618
Pasture condition dynamics;B;Good governance (ABC+);Well-managed pasture;TO;0.011540737;0.011540737;0.012760311;0.013872778;0.015729986;0.0181085;0.018249674;0.026903174;0.026903174;0.026903174;0.026903174;0.026903174
Pasture condition dynamics;B;Good governance (ABC+);Well-managed pasture;MA;0.012644965;0.012644965;0.015433167;0.018331945;0.020874743;0.026484992;0.025608759;0.029735493;0.029735493;0.029735493;0.029735493;0.029735493
Pasture condition dynamics;B;Good governance (ABC+);Well-managed pasture;PI;0.002404873;0.002404873;0.002407824;0.001998896;0.001805644;0.004007465;0.004810439;0.006524491;0.006524491;0.006524491;0.006524491;0.006524491
Pasture condition dynamics;B;Good governance (ABC+);Well-managed pasture;CE;0.002102777;0.002102777;0.002406894;0.002070293;0.000889848;0.003846074;0.007158875;0.007393806;0.007393806;0.007393806;0.007393806;0.007393806
Pasture condition dynamics;B;Good governance (ABC+);Well-managed pasture;RN;0.001261556;0.001261556;0.001129713;0.001074911;0.000917297;0.001582119;0.002630391;0.003867265;0.003867265;0.003867265;0.003867265;0.003867265
Pasture condition dynamics;B;Good governance (ABC+);Well-managed pasture;PB;0.003055068;0.003055068;0.002908007;0.002776545;0.002320018;0.003098063;0.004575322;0.006989569;0.006989569;0.006989569;0.006989569;0.006989569
Pasture condition dynamics;B;Good governance (ABC+);Well-managed pasture;PE;0.004285232;0.004285232;0.00364794;0.003295847;0.001533281;0.004122327;0.006961224;0.010122004;0.010122004;0.010122004;0.010122004;0.010122004
Pasture condition dynamics;B;Good governance (ABC+);Well-managed pasture;AL;0.002787687;0.002787687;0.002572545;0.002973222;0.001669654;0.00336051;0.004172849;0.004331767;0.004331767;0.004331767;0.004331767;0.004331767
Pasture condition dynamics;B;Good governance (ABC+);Well-managed pasture;SE;0.003881399;0.003881399;0.003672847;0.003748877;0.002617729;0.003166708;0.003789424;0.004424253;0.004424253;0.004424253;0.004424253;0.004424253
Pasture condition dynamics;B;Good governance (ABC+);Well-managed pasture;BA;0.037613609;0.037613609;0.032296075;0.023217053;0.017148851;0.032975941;0.036175279;0.053530699;0.053530699;0.053530699;0.053530699;0.053530699
Pasture condition dynamics;B;Good governance (ABC+);Well-managed pasture;MG;0.042313143;0.042313143;0.034070372;0.030746457;0.028327152;0.03601363;0.038886248;0.0656845;0.0656845;0.0656845;0.0656845;0.0656845
Pasture condition dynamics;B;Good governance (ABC+);Well-managed pasture;ES;0.00471791;0.00471791;0.003207271;0.002696911;0.001853366;0.003235441;0.002978077;0.005826587;0.005826587;0.005826587;0.005826587;0.005826587
Pasture condition dynamics;B;Good governance (ABC+);Well-managed pasture;RJ;0.004554287;0.004554287;0.00339583;0.003815749;0.0034758;0.004179223;0.003725184;0.005650636;0.005650636;0.005650636;0.005650636;0.005650636
Pasture condition dynamics;B;Good governance (ABC+);Well-managed pasture;SP;0.010861055;0.010861055;0.007588991;0.007716854;0.010219017;0.007488358;0.009286646;0.016923408;0.016923408;0.016923408;0.016923408;0.016923408
Pasture condition dynamics;B;Good governance (ABC+);Well-managed pasture;PR;0.012582293;0.012582293;0.011649014;0.011190276;0.013076252;0.010060025;0.010914377;0.013043266;0.013043266;0.013043266;0.013043266;0.013043266
Pasture condition dynamics;B;Good governance (ABC+);Well-managed pasture;SC;0.003810256;0.003810256;0.004004547;0.003703155;0.004151497;0.003612812;0.003814554;0.004002566;0.004002566;0.004002566;0.004002566;0.004002566
Pasture condition dynamics;B;Good governance (ABC+);Well-managed pasture;RS;0.001932993;0.001932993;0.001687546;0.001305249;0.00185502;0.001697601;0.001919013;0.001805605;0.001805605;0.001805605;0.001805605;0.001805605
Pasture condition dynamics;B;Good governance (ABC+);Well-managed pasture;MS;0.020969046;0.020969046;0.020671672;0.018163024;0.027346826;0.019176636;0.027096778;0.046065577;0.046065577;0.046065577;0.046065577;0.046065577
Pasture condition dynamics;B;Good governance (ABC+);Well-managed pasture;MT;0.021105508;0.021105508;0.029368851;0.025862112;0.034248787;0.03022356;0.035604271;0.065610984;0.065610984;0.065610984;0.065610984;0.065610984
Pasture condition dynamics;B;Good governance (ABC+);Well-managed pasture;GO;0.026166576;0.026166576;0.024980427;0.023026143;0.029597607;0.029784515;0.032129632;0.046252813;0.046252813;0.046252813;0.046252813;0.046252813
Pasture condition dynamics;B;Good governance (ABC+);Well-managed pasture;DF;8.0334E-05;8.0334E-05;6.26851E-05;5.36585E-05;8.76902E-05;9.76559E-05;0.000123139;0.000330167;0.000330167;0.000330167;0.000330167;0.000330167
Pasture condition dynamics;C;High Governance (Beyond ABC+);Degraded pasture;RO;0.00434621;0.00434621;0.003968667;0.006030534;0.003971584;0.006197936;0.00779886;0.000987725;0;0;0;0
Pasture condition dynamics;C;High Governance (Beyond ABC+);Degraded pasture;AC;0.000166341;0.000166341;0.000163194;0.000179148;0.00011364;0.000158228;0.000240794;2.57404E-05;0;0;0;0
Pasture condition dynamics;C;High Governance (Beyond ABC+);Degraded pasture;AM;0.000684707;0.000684707;0.000686089;0.000811692;0.000760406;0.000826533;0.001648779;0.000138613;0;0;0;0
Pasture condition dynamics;C;High Governance (Beyond ABC+);Degraded pasture;RR;0.000351913;0.000351913;0.000417704;0.000366326;0.000596713;0.000362872;0.001002721;6.70245E-05;0;0;0;0
Pasture condition dynamics;C;High Governance (Beyond ABC+);Degraded pasture;PA;0.012561589;0.012561589;0.012826859;0.013283634;0.013087514;0.01029342;0.016455366;0.001862289;0;0;0;0
Pasture condition dynamics;C;High Governance (Beyond ABC+);Degraded pasture;AP;7.15193E-05;7.15193E-05;6.76056E-05;6.05081E-05;5.06724E-05;4.19922E-05;0.000106122;7.67575E-06;0;0;0;0
Pasture condition dynamics;C;High Governance (Beyond ABC+);Degraded pasture;TO;0.013271178;0.013271178;0.013733059;0.013402811;0.013712742;0.010220404;0.010241751;0.001882663;0;0;0;0
Pasture condition dynamics;C;High Governance (Beyond ABC+);Degraded pasture;MA;0.005056454;0.005056454;0.005185265;0.005873378;0.006099126;0.004328146;0.00663452;0.000812673;0;0;0;0
Pasture condition dynamics;C;High Governance (Beyond ABC+);Degraded pasture;PI;0.002834096;0.002834096;0.003321401;0.004151795;0.006570615;0.002839932;0.002448587;0.000630629;0;0;0;0
Pasture condition dynamics;C;High Governance (Beyond ABC+);Degraded pasture;CE;0.003450471;0.003450471;0.003669769;0.00509677;0.008999509;0.003903928;0.002042282;0.001040529;0;0;0;0
Pasture condition dynamics;C;High Governance (Beyond ABC+);Degraded pasture;RN;0.003429094;0.003429094;0.00367585;0.002983048;0.004955147;0.002591226;0.001321223;0.000572469;0;0;0;0
Pasture condition dynamics;C;High Governance (Beyond ABC+);Degraded pasture;PB;0.003924759;0.003924759;0.003823534;0.00381453;0.006808205;0.004489861;0.002288125;0.000959039;0;0;0;0
Pasture condition dynamics;C;High Governance (Beyond ABC+);Degraded pasture;PE;0.006200766;0.006200766;0.006274712;0.006997779;0.012515733;0.006194684;0.003709888;0.001594097;0;0;0;0
Pasture condition dynamics;C;High Governance (Beyond ABC+);Degraded pasture;AL;0.002169708;0.002169708;0.001908071;0.001466166;0.003590056;0.001386759;0.000825693;0.000442596;0;0;0;0
Pasture condition dynamics;C;High Governance (Beyond ABC+);Degraded pasture;SE;0.001628332;0.001628332;0.001475012;0.00137588;0.002674436;0.001481113;0.000938585;0.000363118;0;0;0;0
Pasture condition dynamics;C;High Governance (Beyond ABC+);Degraded pasture;BA;0.02045618;0.02045618;0.021214865;0.031652446;0.047132294;0.024078169;0.020262022;0.005339046;0;0;0;0
Pasture condition dynamics;C;High Governance (Beyond ABC+);Degraded pasture;MG;0.046731829;0.046731829;0.045482557;0.046099072;0.050538501;0.033565715;0.03012968;0.006491628;0;0;0;0
Pasture condition dynamics;C;High Governance (Beyond ABC+);Degraded pasture;ES;0.002699984;0.002699984;0.003292023;0.004997585;0.006541749;0.002963234;0.003498546;0.00052836;0;0;0;0
Pasture condition dynamics;C;High Governance (Beyond ABC+);Degraded pasture;RJ;0.00192406;0.00192406;0.002193361;0.001934308;0.002397993;0.001574406;0.001903495;0.000285368;0;0;0;0
Pasture condition dynamics;C;High Governance (Beyond ABC+);Degraded pasture;SP;0.025274037;0.025274037;0.022558917;0.015224299;0.007631312;0.010506543;0.004932029;0.001933255;0;0;0;0
Pasture condition dynamics;C;High Governance (Beyond ABC+);Degraded pasture;PR;0.005135002;0.005135002;0.004073533;0.003197285;0.001767133;0.002971135;0.00130231;0.000546139;0;0;0;0
Pasture condition dynamics;C;High Governance (Beyond ABC+);Degraded pasture;SC;0.000755898;0.000755898;0.000619719;0.000365176;0.000194894;0.000266035;0.000171314;4.4522E-05;0;0;0;0
Pasture condition dynamics;C;High Governance (Beyond ABC+);Degraded pasture;RS;0.000298931;0.000298931;0.000221101;0.000127298;4.43137E-05;6.71593E-05;5.28131E-05;1.02212E-05;0;0;0;0
Pasture condition dynamics;C;High Governance (Beyond ABC+);Degraded pasture;MS;0.040808147;0.040808147;0.037770523;0.039700299;0.023095009;0.031279756;0.017157226;0.005689409;0;0;0;0
Pasture condition dynamics;C;High Governance (Beyond ABC+);Degraded pasture;MT;0.053537168;0.053537168;0.052156593;0.057098118;0.039333301;0.042112368;0.03845951;0.007270498;0;0;0;0
Pasture condition dynamics;C;High Governance (Beyond ABC+);Degraded pasture;GO;0.029898677;0.029898677;0.027154428;0.02763197;0.020192251;0.017995403;0.013133233;0.003298166;0;0;0;0
Pasture condition dynamics;C;High Governance (Beyond ABC+);Degraded pasture;DF;0.000511904;0.000511904;0.000474766;0.000360081;0.000286283;0.000275677;0.000199422;5.00814E-05;0;0;0;0
Pasture condition dynamics;C;High Governance (Beyond ABC+);Intermediate pasture;RO;0.017283018;0.017283018;0.019198381;0.023361757;0.022450431;0.026937339;0.030926349;0.036121297;0;0;0;0
Pasture condition dynamics;C;High Governance (Beyond ABC+);Intermediate pasture;AC;0.002190083;0.002190083;0.002268981;0.002470523;0.001679129;0.002534203;0.003856727;0.007081639;0;0;0;0
Pasture condition dynamics;C;High Governance (Beyond ABC+);Intermediate pasture;AM;0.001603622;0.001603622;0.001916055;0.002728237;0.00290284;0.003951084;0.006450946;0.013537888;0;0;0;0
Pasture condition dynamics;C;High Governance (Beyond ABC+);Intermediate pasture;RR;0.001080308;0.001080308;0.00126397;0.001452172;0.001623379;0.001894774;0.002236784;0.003698492;0;0;0;0
Pasture condition dynamics;C;High Governance (Beyond ABC+);Intermediate pasture;PA;0.034134493;0.034134493;0.040359081;0.046992412;0.049346719;0.050624081;0.059192022;0.077038149;0;0;0;0
Pasture condition dynamics;C;High Governance (Beyond ABC+);Intermediate pasture;AP;8.08328E-05;8.08328E-05;8.80143E-05;0.0001159;9.81184E-05;6.29415E-05;7.72122E-05;0.000203956;0;0;0;0
Pasture condition dynamics;C;High Governance (Beyond ABC+);Intermediate pasture;TO;0.01576689;0.01576689;0.016876204;0.018170758;0.01994193;0.020179333;0.021485751;0.022086152;0;0;0;0
Pasture condition dynamics;C;High Governance (Beyond ABC+);Intermediate pasture;MA;0.014061499;0.014061499;0.015676189;0.018055471;0.019782229;0.018749148;0.022114091;0.02769071;0;0;0;0
Pasture condition dynamics;C;High Governance (Beyond ABC+);Intermediate pasture;PI;0.004124724;0.004124724;0.004345342;0.004601438;0.004032197;0.005369103;0.006070455;0.006882043;0;0;0;0
Pasture condition dynamics;C;High Governance (Beyond ABC+);Intermediate pasture;CE;0.005723706;0.005723706;0.006637181;0.006929604;0.005161848;0.007766957;0.007697772;0.009433131;0;0;0;0
Pasture condition dynamics;C;High Governance (Beyond ABC+);Intermediate pasture;RN;0.00273699;0.00273699;0.002435635;0.002083986;0.00134659;0.002829538;0.003152167;0.002811183;0;0;0;0
Pasture condition dynamics;C;High Governance (Beyond ABC+);Intermediate pasture;PB;0.003504516;0.003504516;0.003146781;0.003076833;0.001914931;0.00343339;0.004609919;0.003908116;0;0;0;0
Pasture condition dynamics;C;High Governance (Beyond ABC+);Intermediate pasture;PE;0.007085941;0.007085941;0.006705337;0.006119649;0.00374889;0.007045978;0.00687043;0.005956226;0;0;0;0
Pasture condition dynamics;C;High Governance (Beyond ABC+);Intermediate pasture;AL;0.004972229;0.004972229;0.004639241;0.004206427;0.003737092;0.004211347;0.003768256;0.003996436;0;0;0;0
Pasture condition dynamics;C;High Governance (Beyond ABC+);Intermediate pasture;SE;0.00375304;0.00375304;0.003534347;0.00335872;0.002938943;0.003277255;0.002710752;0.002314911;0;0;0;0
Pasture condition dynamics;C;High Governance (Beyond ABC+);Intermediate pasture;BA;0.040215185;0.040215185;0.039830502;0.039047658;0.034275604;0.040135459;0.038739165;0.036051841;0;0;0;0
Pasture condition dynamics;C;High Governance (Beyond ABC+);Intermediate pasture;MG;0.073893121;0.073893121;0.068452466;0.06474006;0.057713603;0.062364585;0.051221051;0.041481371;0;0;0;0
Pasture condition dynamics;C;High Governance (Beyond ABC+);Intermediate pasture;ES;0.008830726;0.008830726;0.007701475;0.00595332;0.005193805;0.006747894;0.00584602;0.005386866;0;0;0;0
Pasture condition dynamics;C;High Governance (Beyond ABC+);Intermediate pasture;RJ;0.006371917;0.006371917;0.006072584;0.005728894;0.005889212;0.005708471;0.005696424;0.005209899;0;0;0;0
Pasture condition dynamics;C;High Governance (Beyond ABC+);Intermediate pasture;SP;0.026568141;0.026568141;0.020982865;0.016318732;0.014960122;0.012589897;0.011147345;0.002139182;0;0;0;0
Pasture condition dynamics;C;High Governance (Beyond ABC+);Intermediate pasture;PR;0.014192807;0.014192807;0.012180566;0.009346328;0.006341187;0.006335424;0.00466619;0.000980984;0;0;0;0
Pasture condition dynamics;C;High Governance (Beyond ABC+);Intermediate pasture;SC;0.002872167;0.002872167;0.002825068;0.001875587;0.001251254;0.001517776;0.001238773;0.000964302;0;0;0;0
Pasture condition dynamics;C;High Governance (Beyond ABC+);Intermediate pasture;RS;0.00192409;0.00192409;0.001511011;0.001097995;0.000519728;0.000677795;0.00057241;0.000770813;0;0;0;0
Pasture condition dynamics;C;High Governance (Beyond ABC+);Intermediate pasture;MS;0.047051742;0.047051742;0.04451349;0.042200791;0.04228048;0.036731907;0.034523826;0.019639883;0;0;0;0
Pasture condition dynamics;C;High Governance (Beyond ABC+);Intermediate pasture;MT;0.047600894;0.047600894;0.052605101;0.053308386;0.056633479;0.055840826;0.053778498;0.052413561;0;0;0;0
Pasture condition dynamics;C;High Governance (Beyond ABC+);Intermediate pasture;GO;0.044451368;0.044451368;0.041816123;0.04014253;0.039260533;0.037207349;0.034630783;0.025902414;0;0;0;0
Pasture condition dynamics;C;High Governance (Beyond ABC+);Intermediate pasture;DF;0.00022054;0.00022054;0.000177222;0.000151096;0.000180665;0.000197194;0.000223166;0.000163015;0;0;0;0
Pasture condition dynamics;C;High Governance (Beyond ABC+);Well-managed pasture;RO;0.011975006;0.011975006;0.019553182;0.016456837;0.021868252;0.019839686;0.019343155;0.025326868;0.066761386;0.070558578;0.073817272;0.07648453
Pasture condition dynamics;C;High Governance (Beyond ABC+);Well-managed pasture;AC;0.005025557;0.005025557;0.006597018;0.007605543;0.00950431;0.010621494;0.011508538;0.010491016;0.019581831;0.021406946;0.023056046;0.02450051
Pasture condition dynamics;C;High Governance (Beyond ABC+);Well-managed pasture;AM;0.002726124;0.002726124;0.003817226;0.004535363;0.005743618;0.008410988;0.010114093;0.008519781;0.026173201;0.029932272;0.033422563;0.03658153
Pasture condition dynamics;C;High Governance (Beyond ABC+);Well-managed pasture;RR;0.00112972;0.00112972;0.001640771;0.002076932;0.002153631;0.002835813;0.00282009;0.003106642;0.007681379;0.008428348;0.009105483;0.009700987
Pasture condition dynamics;C;High Governance (Beyond ABC+);Well-managed pasture;PA;0.027930913;0.027930913;0.042244433;0.049680682;0.052011218;0.063952485;0.063047795;0.070644412;0.160295355;0.169775672;0.177953822;0.184696013
Pasture condition dynamics;C;High Governance (Beyond ABC+);Well-managed pasture;AP;6.78335E-05;6.78335E-05;5.6448E-05;8.74869E-05;0.000106839;0.000123701;0.000147996;0.000154618;0.000400959;0.000432454;0.000460494;0.000484602
Pasture condition dynamics;C;High Governance (Beyond ABC+);Well-managed pasture;TO;0.011540737;0.011540737;0.012760311;0.013872778;0.015729986;0.0181085;0.018249674;0.026903174;0.05172226;0.052174999;0.052273767;0.052023364
Pasture condition dynamics;C;High Governance (Beyond ABC+);Well-managed pasture;MA;0.012644965;0.012644965;0.015433167;0.018331945;0.020874743;0.026484992;0.025608759;0.029735493;0.062080436;0.065431582;0.068286554;0.070599435
Pasture condition dynamics;C;High Governance (Beyond ABC+);Well-managed pasture;PI;0.002404873;0.002404873;0.002407824;0.001998896;0.001805644;0.004007465;0.004810439;0.006524491;0.014865444;0.01673611;0.018460834;0.020008957
Pasture condition dynamics;C;High Governance (Beyond ABC+);Well-managed pasture;CE;0.002102777;0.002102777;0.002406894;0.002070293;0.000889848;0.003846074;0.007158875;0.007393806;0.019635348;0.022289424;0.024746076;0.026961439
Pasture condition dynamics;C;High Governance (Beyond ABC+);Well-managed pasture;RN;0.001261556;0.001261556;0.001129713;0.001074911;0.000917297;0.001582119;0.002630391;0.003867265;0.00739178;0.008179718;0.009074107;0.009880221
Pasture condition dynamics;C;High Governance (Beyond ABC+);Well-managed pasture;PB;0.003055068;0.003055068;0.002908007;0.002776545;0.002320018;0.003098063;0.004575322;0.006989569;0.012230375;0.012509214;0.012699987;0.013364581
Pasture condition dynamics;C;High Governance (Beyond ABC+);Well-managed pasture;PE;0.004285232;0.004285232;0.00364794;0.003295847;0.001533281;0.004122327;0.006961224;0.010122004;0.017786944;0.019130559;0.021120202;0.022907286
Pasture condition dynamics;C;High Governance (Beyond ABC+);Well-managed pasture;AL;0.002787687;0.002787687;0.002572545;0.002973222;0.001669654;0.00336051;0.004172849;0.004331767;0.00876654;0.009029048;0.009443643;0.009782647
Pasture condition dynamics;C;High Governance (Beyond ABC+);Well-managed pasture;SE;0.003881399;0.003881399;0.003672847;0.003748877;0.002617729;0.003166708;0.003789424;0.004424253;0.006757799;0.00636352;0.005934509;0.005632323
Pasture condition dynamics;C;High Governance (Beyond ABC+);Well-managed pasture;BA;0.037613609;0.037613609;0.032296075;0.023217053;0.017148851;0.032975941;0.036175279;0.053530699;0.094576157;0.096515738;0.102885774;0.108373825
Pasture condition dynamics;C;High Governance (Beyond ABC+);Well-managed pasture;MG;0.042313143;0.042313143;0.034070372;0.030746457;0.028327152;0.03601363;0.038886248;0.0656845;0.106945339;0.099451052;0.091438989;0.083074251
Pasture condition dynamics;C;High Governance (Beyond ABC+);Well-managed pasture;ES;0.00471791;0.00471791;0.003207271;0.002696911;0.001853366;0.003235441;0.002978077;0.005826587;0.01114766;0.010471483;0.009738667;0.00896449
Pasture condition dynamics;C;High Governance (Beyond ABC+);Well-managed pasture;RJ;0.004554287;0.004554287;0.00339583;0.003815749;0.0034758;0.004179223;0.003725184;0.005650636;0.010955494;0.010682624;0.010344145;0.009947861
Pasture condition dynamics;C;High Governance (Beyond ABC+);Well-managed pasture;SP;0.010861055;0.010861055;0.007588991;0.007716854;0.010219017;0.007488358;0.009286646;0.016923408;0.016588964;0.012076595;0.007894288;0.005152273
Pasture condition dynamics;C;High Governance (Beyond ABC+);Well-managed pasture;PR;0.012582293;0.012582293;0.011649014;0.011190276;0.013076252;0.010060025;0.010914377;0.013043266;0.012235212;0.009817927;0.007381026;0.006073771
Pasture condition dynamics;C;High Governance (Beyond ABC+);Well-managed pasture;SC;0.003810256;0.003810256;0.004004547;0.003703155;0.004151497;0.003612812;0.003814554;0.004002566;0.004792586;0.004538347;0.004258832;0.003959937
Pasture condition dynamics;C;High Governance (Beyond ABC+);Well-managed pasture;RS;0.001932993;0.001932993;0.001687546;0.001305249;0.00185502;0.001697601;0.001919013;0.001805605;0.002626765;0.002646716;0.002648768;0.002640931
Pasture condition dynamics;C;High Governance (Beyond ABC+);Well-managed pasture;MS;0.020969046;0.020969046;0.020671672;0.018163024;0.027346826;0.019176636;0.027096778;0.046065577;0.063915999;0.055986001;0.047834206;0.039622809
Pasture condition dynamics;C;High Governance (Beyond ABC+);Well-managed pasture;MT;0.021105508;0.021105508;0.029368851;0.025862112;0.034248787;0.03022356;0.035604271;0.065610984;0.122619734;0.11902405;0.114707781;0.109768253
Pasture condition dynamics;C;High Governance (Beyond ABC+);Well-managed pasture;GO;0.026166576;0.026166576;0.024980427;0.023026143;0.029597607;0.029784515;0.032129632;0.046252813;0.070924778;0.065877829;0.060489448;0.058304066
Pasture condition dynamics;C;High Governance (Beyond ABC+);Well-managed pasture;DF;8.0334E-05;8.0334E-05;6.26851E-05;5.36585E-05;8.76902E-05;9.76559E-05;0.000123139;0.000330167;0.000540278;0.000533196;0.000522717;0.000509107
Pasture condition dynamics;D;Flat (Constant);Degraded pasture;RO;0.00434621;0.00434621;0.003968667;0.006030534;0.003971584;0.006197936;0.009073355;0.009073355;0.009073355;0.009073355;0.009073355;0.009073355
Pasture condition dynamics;D;Flat (Constant);Degraded pasture;AC;0.000166341;0.000166341;0.000163194;0.000179148;0.00011364;0.000158228;0.000281084;0.000281084;0.000281084;0.000281084;0.000281084;0.000281084
Pasture condition dynamics;D;Flat (Constant);Degraded pasture;AM;0.000684707;0.000684707;0.000686089;0.000811692;0.000760406;0.000826533;0.001932096;0.001932096;0.001932096;0.001932096;0.001932096;0.001932096
Pasture condition dynamics;D;Flat (Constant);Degraded pasture;RR;0.000351913;0.000351913;0.000417704;0.000366326;0.000596713;0.000362872;0.001178437;0.001178437;0.001178437;0.001178437;0.001178437;0.001178437
Pasture condition dynamics;D;Flat (Constant);Degraded pasture;PA;0.012561589;0.012561589;0.012826859;0.013283634;0.013087514;0.01029342;0.019188338;0.019188338;0.019188338;0.019188338;0.019188338;0.019188338
Pasture condition dynamics;D;Flat (Constant);Degraded pasture;AP;7.15193E-05;7.15193E-05;6.76056E-05;6.05081E-05;5.06724E-05;4.19922E-05;0.000124603;0.000124603;0.000124603;0.000124603;0.000124603;0.000124603
Pasture condition dynamics;D;Flat (Constant);Degraded pasture;TO;0.013271178;0.013271178;0.013733059;0.013402811;0.013712742;0.010220404;0.011799761;0.011799761;0.011799761;0.011799761;0.011799761;0.011799761
Pasture condition dynamics;D;Flat (Constant);Degraded pasture;MA;0.005056454;0.005056454;0.005185265;0.005873378;0.006099126;0.004328146;0.007724189;0.007724189;0.007724189;0.007724189;0.007724189;0.007724189
Pasture condition dynamics;D;Flat (Constant);Degraded pasture;PI;0.002834096;0.002834096;0.003321401;0.004151795;0.006570615;0.002839932;0.002785403;0.002785403;0.002785403;0.002785403;0.002785403;0.002785403
Pasture condition dynamics;D;Flat (Constant);Degraded pasture;CE;0.003450471;0.003450471;0.003669769;0.00509677;0.008999509;0.003903928;0.002221535;0.002221535;0.002221535;0.002221535;0.002221535;0.002221535
Pasture condition dynamics;D;Flat (Constant);Degraded pasture;RN;0.003429094;0.003429094;0.00367585;0.002983048;0.004955147;0.002591226;0.001457083;0.001457083;0.001457083;0.001457083;0.001457083;0.001457083
Pasture condition dynamics;D;Flat (Constant);Degraded pasture;PB;0.003924759;0.003924759;0.003823534;0.00381453;0.006808205;0.004489861;0.002529809;0.002529809;0.002529809;0.002529809;0.002529809;0.002529809
Pasture condition dynamics;D;Flat (Constant);Degraded pasture;PE;0.006200766;0.006200766;0.006274712;0.006997779;0.012515733;0.006194684;0.004094011;0.004094011;0.004094011;0.004094011;0.004094011;0.004094011
Pasture condition dynamics;D;Flat (Constant);Degraded pasture;AL;0.002169708;0.002169708;0.001908071;0.001466166;0.003590056;0.001386759;0.000893835;0.000893835;0.000893835;0.000893835;0.000893835;0.000893835
Pasture condition dynamics;D;Flat (Constant);Degraded pasture;SE;0.001628332;0.001628332;0.001475012;0.00137588;0.002674436;0.001481113;0.001043706;0.001043706;0.001043706;0.001043706;0.001043706;0.001043706
Pasture condition dynamics;D;Flat (Constant);Degraded pasture;BA;0.02045618;0.02045618;0.021214865;0.031652446;0.047132294;0.024078169;0.023025339;0.023025339;0.023025339;0.023025339;0.023025339;0.023025339
Pasture condition dynamics;D;Flat (Constant);Degraded pasture;MG;0.046731829;0.046731829;0.045482557;0.046099072;0.050538501;0.033565715;0.034524774;0.034524774;0.034524774;0.034524774;0.034524774;0.034524774
Pasture condition dynamics;D;Flat (Constant);Degraded pasture;ES;0.002699984;0.002699984;0.003292023;0.004997585;0.006541749;0.002963234;0.004053432;0.004053432;0.004053432;0.004053432;0.004053432;0.004053432
Pasture condition dynamics;D;Flat (Constant);Degraded pasture;RJ;0.00192406;0.00192406;0.002193361;0.001934308;0.002397993;0.001574406;0.002205813;0.002205813;0.002205813;0.002205813;0.002205813;0.002205813
Pasture condition dynamics;D;Flat (Constant);Degraded pasture;SP;0.025274037;0.025274037;0.022558917;0.015224299;0.007631312;0.010506543;0.005479443;0.005479443;0.005479443;0.005479443;0.005479443;0.005479443
Pasture condition dynamics;D;Flat (Constant);Degraded pasture;PR;0.005135002;0.005135002;0.004073533;0.003197285;0.001767133;0.002971135;0.001439809;0.001439809;0.001439809;0.001439809;0.001439809;0.001439809
Pasture condition dynamics;D;Flat (Constant);Degraded pasture;SC;0.000755898;0.000755898;0.000619719;0.000365176;0.000194894;0.000266035;0.0001948;0.0001948;0.0001948;0.0001948;0.0001948;0.0001948
Pasture condition dynamics;D;Flat (Constant);Degraded pasture;RS;0.000298931;0.000298931;0.000221101;0.000127298;4.43137E-05;6.71593E-05;6.07459E-05;6.07459E-05;6.07459E-05;6.07459E-05;6.07459E-05;6.07459E-05
Pasture condition dynamics;D;Flat (Constant);Degraded pasture;MS;0.040808147;0.040808147;0.037770523;0.039700299;0.023095009;0.031279756;0.019266222;0.019266222;0.019266222;0.019266222;0.019266222;0.019266222
Pasture condition dynamics;D;Flat (Constant);Degraded pasture;MT;0.053537168;0.053537168;0.052156593;0.057098118;0.039333301;0.042112368;0.044270429;0.044270429;0.044270429;0.044270429;0.044270429;0.044270429
Pasture condition dynamics;D;Flat (Constant);Degraded pasture;GO;0.029898677;0.029898677;0.027154428;0.02763197;0.020192251;0.017995403;0.01495643;0.01495643;0.01495643;0.01495643;0.01495643;0.01495643
Pasture condition dynamics;D;Flat (Constant);Degraded pasture;DF;0.000511904;0.000511904;0.000474766;0.000360081;0.000286283;0.000275677;0.000227106;0.000227106;0.000227106;0.000227106;0.000227106;0.000227106
Pasture condition dynamics;D;Flat (Constant);Intermediate pasture;RO;0.017283018;0.017283018;0.019198381;0.023361757;0.022450431;0.026937339;0.030356056;0.030356056;0.030356056;0.030356056;0.030356056;0.030356056
Pasture condition dynamics;D;Flat (Constant);Intermediate pasture;AC;0.002190083;0.002190083;0.002268981;0.002470523;0.001679129;0.002534203;0.003710825;0.003710825;0.003710825;0.003710825;0.003710825;0.003710825
Pasture condition dynamics;D;Flat (Constant);Intermediate pasture;AM;0.001603622;0.001603622;0.001916055;0.002728237;0.00290284;0.003951084;0.006521591;0.006521591;0.006521591;0.006521591;0.006521591;0.006521591
Pasture condition dynamics;D;Flat (Constant);Intermediate pasture;RR;0.001080308;0.001080308;0.00126397;0.001452172;0.001623379;0.001894774;0.00229901;0.00229901;0.00229901;0.00229901;0.00229901;0.00229901
Pasture condition dynamics;D;Flat (Constant);Intermediate pasture;PA;0.034134493;0.034134493;0.040359081;0.046992412;0.049346719;0.050624081;0.059649094;0.059649094;0.059649094;0.059649094;0.059649094;0.059649094
Pasture condition dynamics;D;Flat (Constant);Intermediate pasture;AP;8.08328E-05;8.08328E-05;8.80143E-05;0.0001159;9.81184E-05;6.29415E-05;0.000126947;0.000126947;0.000126947;0.000126947;0.000126947;0.000126947
Pasture condition dynamics;D;Flat (Constant);Intermediate pasture;TO;0.01576689;0.01576689;0.016876204;0.018170758;0.01994193;0.020179333;0.020627127;0.020627127;0.020627127;0.020627127;0.020627127;0.020627127
Pasture condition dynamics;D;Flat (Constant);Intermediate pasture;MA;0.014061499;0.014061499;0.015676189;0.018055471;0.019782229;0.018749148;0.021379888;0.021379888;0.021379888;0.021379888;0.021379888;0.021379888
Pasture condition dynamics;D;Flat (Constant);Intermediate pasture;PI;0.004124724;0.004124724;0.004345342;0.004601438;0.004032197;0.005369103;0.005943681;0.005943681;0.005943681;0.005943681;0.005943681;0.005943681
Pasture condition dynamics;D;Flat (Constant);Intermediate pasture;CE;0.005723706;0.005723706;0.006637181;0.006929604;0.005161848;0.007766957;0.007887558;0.007887558;0.007887558;0.007887558;0.007887558;0.007887558
Pasture condition dynamics;D;Flat (Constant);Intermediate pasture;RN;0.00273699;0.00273699;0.002435635;0.002083986;0.00134659;0.002829538;0.002586162;0.002586162;0.002586162;0.002586162;0.002586162;0.002586162
Pasture condition dynamics;D;Flat (Constant);Intermediate pasture;PB;0.003504516;0.003504516;0.003146781;0.003076833;0.001914931;0.00343339;0.004326752;0.004326752;0.004326752;0.004326752;0.004326752;0.004326752
Pasture condition dynamics;D;Flat (Constant);Intermediate pasture;PE;0.007085941;0.007085941;0.006705337;0.006119649;0.00374889;0.007045978;0.007080479;0.007080479;0.007080479;0.007080479;0.007080479;0.007080479
Pasture condition dynamics;D;Flat (Constant);Intermediate pasture;AL;0.004972229;0.004972229;0.004639241;0.004206427;0.003737092;0.004211347;0.003880479;0.003880479;0.003880479;0.003880479;0.003880479;0.003880479
Pasture condition dynamics;D;Flat (Constant);Intermediate pasture;SE;0.00375304;0.00375304;0.003534347;0.00335872;0.002938943;0.003277255;0.003070638;0.003070638;0.003070638;0.003070638;0.003070638;0.003070638
Pasture condition dynamics;D;Flat (Constant);Intermediate pasture;BA;0.040215185;0.040215185;0.039830502;0.039047658;0.034275604;0.040135459;0.038542679;0.038542679;0.038542679;0.038542679;0.038542679;0.038542679
Pasture condition dynamics;D;Flat (Constant);Intermediate pasture;MG;0.073893121;0.073893121;0.068452466;0.06474006;0.057713603;0.062364585;0.056781612;0.056781612;0.056781612;0.056781612;0.056781612;0.056781612
Pasture condition dynamics;D;Flat (Constant);Intermediate pasture;ES;0.008830726;0.008830726;0.007701475;0.00595332;0.005193805;0.006747894;0.005595162;0.005595162;0.005595162;0.005595162;0.005595162;0.005595162
Pasture condition dynamics;D;Flat (Constant);Intermediate pasture;RJ;0.006371917;0.006371917;0.006072584;0.005728894;0.005889212;0.005708471;0.005571451;0.005571451;0.005571451;0.005571451;0.005571451;0.005571451
Pasture condition dynamics;D;Flat (Constant);Intermediate pasture;SP;0.026568141;0.026568141;0.020982865;0.016318732;0.014960122;0.012589897;0.011592641;0.011592641;0.011592641;0.011592641;0.011592641;0.011592641
Pasture condition dynamics;D;Flat (Constant);Intermediate pasture;PR;0.014192807;0.014192807;0.012180566;0.009346328;0.006341187;0.006335424;0.004847474;0.004847474;0.004847474;0.004847474;0.004847474;0.004847474
Pasture condition dynamics;D;Flat (Constant);Intermediate pasture;SC;0.002872167;0.002872167;0.002825068;0.001875587;0.001251254;0.001517776;0.001291458;0.001291458;0.001291458;0.001291458;0.001291458;0.001291458
Pasture condition dynamics;D;Flat (Constant);Intermediate pasture;RS;0.00192409;0.00192409;0.001511011;0.001097995;0.000519728;0.000677795;0.000615248;0.000615248;0.000615248;0.000615248;0.000615248;0.000615248
Pasture condition dynamics;D;Flat (Constant);Intermediate pasture;MS;0.047051742;0.047051742;0.04451349;0.042200791;0.04228048;0.036731907;0.036158038;0.036158038;0.036158038;0.036158038;0.036158038;0.036158038
Pasture condition dynamics;D;Flat (Constant);Intermediate pasture;MT;0.047600894;0.047600894;0.052605101;0.053308386;0.056633479;0.055840826;0.056706328;0.056706328;0.056706328;0.056706328;0.056706328;0.056706328
Pasture condition dynamics;D;Flat (Constant);Intermediate pasture;GO;0.044451368;0.044451368;0.041816123;0.04014253;0.039260533;0.037207349;0.03335721;0.03335721;0.03335721;0.03335721;0.03335721;0.03335721
Pasture condition dynamics;D;Flat (Constant);Intermediate pasture;DF;0.00022054;0.00022054;0.000177222;0.000151096;0.000180665;0.000197194;0.000179132;0.000179132;0.000179132;0.000179132;0.000179132;0.000179132
Pasture condition dynamics;D;Flat (Constant);Well-managed pasture;RO;0.011975006;0.011975006;0.019553182;0.016456837;0.021868252;0.019839686;0.017983721;0.017983721;0.017983721;0.017983721;0.017983721;0.017983721
Pasture condition dynamics;D;Flat (Constant);Well-managed pasture;AC;0.005025557;0.005025557;0.006597018;0.007605543;0.00950431;0.010621494;0.011604259;0.011604259;0.011604259;0.011604259;0.011604259;0.011604259
Pasture condition dynamics;D;Flat (Constant);Well-managed pasture;AM;0.002726124;0.002726124;0.003817226;0.004535363;0.005743618;0.008410988;0.010336552;0.010336552;0.010336552;0.010336552;0.010336552;0.010336552
Pasture condition dynamics;D;Flat (Constant);Well-managed pasture;RR;0.00112972;0.00112972;0.001640771;0.002076932;0.002153631;0.002835813;0.002737655;0.002737655;0.002737655;0.002737655;0.002737655;0.002737655
Pasture condition dynamics;D;Flat (Constant);Well-managed pasture;PA;0.027930913;0.027930913;0.042244433;0.049680682;0.052011218;0.063952485;0.060969613;0.060969613;0.060969613;0.060969613;0.060969613;0.060969613
Pasture condition dynamics;D;Flat (Constant);Well-managed pasture;AP;6.78335E-05;6.78335E-05;5.6448E-05;8.74869E-05;0.000106839;0.000123701;0.000145333;0.000145333;0.000145333;0.000145333;0.000145333;0.000145333
Pasture condition dynamics;D;Flat (Constant);Well-managed pasture;TO;0.011540737;0.011540737;0.012760311;0.013872778;0.015729986;0.0181085;0.016372699;0.016372699;0.016372699;0.016372699;0.016372699;0.016372699
Pasture condition dynamics;D;Flat (Constant);Well-managed pasture;MA;0.012644965;0.012644965;0.015433167;0.018331945;0.020874743;0.026484992;0.024558913;0.024558913;0.024558913;0.024558913;0.024558913;0.024558913
Pasture condition dynamics;D;Flat (Constant);Well-managed pasture;PI;0.002404873;0.002404873;0.002407824;0.001998896;0.001805644;0.004007465;0.004427712;0.004427712;0.004427712;0.004427712;0.004427712;0.004427712
Pasture condition dynamics;D;Flat (Constant);Well-managed pasture;CE;0.002102777;0.002102777;0.002406894;0.002070293;0.000889848;0.003846074;0.007046926;0.007046926;0.007046926;0.007046926;0.007046926;0.007046926
Pasture condition dynamics;D;Flat (Constant);Well-managed pasture;RN;0.001261556;0.001261556;0.001129713;0.001074911;0.000917297;0.001582119;0.002361908;0.002361908;0.002361908;0.002361908;0.002361908;0.002361908
Pasture condition dynamics;D;Flat (Constant);Well-managed pasture;PB;0.003055068;0.003055068;0.002908007;0.002776545;0.002320018;0.003098063;0.004056388;0.004056388;0.004056388;0.004056388;0.004056388;0.004056388
Pasture condition dynamics;D;Flat (Constant);Well-managed pasture;PE;0.004285232;0.004285232;0.00364794;0.003295847;0.001533281;0.004122327;0.006272936;0.006272936;0.006272936;0.006272936;0.006272936;0.006272936
Pasture condition dynamics;D;Flat (Constant);Well-managed pasture;AL;0.002787687;0.002787687;0.002572545;0.002973222;0.001669654;0.00336051;0.004103252;0.004103252;0.004103252;0.004103252;0.004103252;0.004103252
Pasture condition dynamics;D;Flat (Constant);Well-managed pasture;SE;0.003881399;0.003881399;0.003672847;0.003748877;0.002617729;0.003166708;0.003629297;0.003629297;0.003629297;0.003629297;0.003629297;0.003629297
Pasture condition dynamics;D;Flat (Constant);Well-managed pasture;BA;0.037613609;0.037613609;0.032296075;0.023217053;0.017148851;0.032975941;0.032414728;0.032414728;0.032414728;0.032414728;0.032414728;0.032414728
Pasture condition dynamics;D;Flat (Constant);Well-managed pasture;MG;0.042313143;0.042313143;0.034070372;0.030746457;0.028327152;0.03601363;0.03323498;0.03323498;0.03323498;0.03323498;0.03323498;0.03323498
Pasture condition dynamics;D;Flat (Constant);Well-managed pasture;ES;0.00471791;0.00471791;0.003207271;0.002696911;0.001853366;0.003235441;0.002387953;0.002387953;0.002387953;0.002387953;0.002387953;0.002387953
Pasture condition dynamics;D;Flat (Constant);Well-managed pasture;RJ;0.004554287;0.004554287;0.00339583;0.003815749;0.0034758;0.004179223;0.003310618;0.003310618;0.003310618;0.003310618;0.003310618;0.003310618
Pasture condition dynamics;D;Flat (Constant);Well-managed pasture;SP;0.010861055;0.010861055;0.007588991;0.007716854;0.010219017;0.007488358;0.007692619;0.007692619;0.007692619;0.007692619;0.007692619;0.007692619
Pasture condition dynamics;D;Flat (Constant);Well-managed pasture;PR;0.012582293;0.012582293;0.011649014;0.011190276;0.013076252;0.010060025;0.010393807;0.010393807;0.010393807;0.010393807;0.010393807;0.010393807
Pasture condition dynamics;D;Flat (Constant);Well-managed pasture;SC;0.003810256;0.003810256;0.004004547;0.003703155;0.004151497;0.003612812;0.003742487;0.003742487;0.003742487;0.003742487;0.003742487;0.003742487
Pasture condition dynamics;D;Flat (Constant);Well-managed pasture;RS;0.001932993;0.001932993;0.001687546;0.001305249;0.00185502;0.001697601;0.001923857;0.001923857;0.001923857;0.001923857;0.001923857;0.001923857
Pasture condition dynamics;D;Flat (Constant);Well-managed pasture;MS;0.020969046;0.020969046;0.020671672;0.018163024;0.027346826;0.019176636;0.023100521;0.023100521;0.023100521;0.023100521;0.023100521;0.023100521
Pasture condition dynamics;D;Flat (Constant);Well-managed pasture;MT;0.021105508;0.021105508;0.029368851;0.025862112;0.034248787;0.03022356;0.029349052;0.029349052;0.029349052;0.029349052;0.029349052;0.029349052
Pasture condition dynamics;D;Flat (Constant);Well-managed pasture;GO;0.026166576;0.026166576;0.024980427;0.023026143;0.029597607;0.029784515;0.029044802;0.029044802;0.029044802;0.029044802;0.029044802;0.029044802
Pasture condition dynamics;D;Flat (Constant);Well-managed pasture;DF;8.0334E-05;8.0334E-05;6.26851E-05;5.36585E-05;8.76902E-05;9.76559E-05;8.11025E-05;8.11025E-05;8.11025E-05;8.11025E-05;8.11025E-05;8.11025E-05
Cropland management systems;A;Current trends (BAU);Conventional tillage;RO;0.011492547;0.006786248;0.006236809;0.006298414;0.002791344;0.004282052;0.006040394;0.005945575;0.005836826;0.005717482;0.005590334;0.005457681
Cropland management systems;A;Current trends (BAU);Conventional tillage;AC;0.002310176;0.001957007;0.001766956;0.001796405;0.001460989;0.000852106;0.000887126;0.000829995;0.000774497;0.000721124;0.0006702;0.000621923
Cropland management systems;A;Current trends (BAU);Conventional tillage;AM;0.001308173;0.003120272;0.002744757;0.002243211;0.001492019;0.001423353;0.001494665;0.001409239;0.001325195;0.001243426;0.001164568;0.001089049
Cropland management systems;A;Current trends (BAU);Conventional tillage;RR;0.000718744;0.000685638;0.000880796;0.000252373;0.000368979;0.000800919;0.001585863;0.001555142;0.001520997;0.001484335;0.001445907;0.001406327
Cropland management systems;A;Current trends (BAU);Conventional tillage;PA;0.020045974;0.023931856;0.017486875;0.011220796;0.011790698;0.01445113;0.020175197;0.020541627;0.02085961;0.021135997;0.021376869;0.021587531
Cropland management systems;A;Current trends (BAU);Conventional tillage;AP;0.000107451;0.000184246;0.000251928;0.000362941;0.000454065;0.000503462;0.000252122;0.000238257;0.000224561;0.000211188;0.000198248;0.000185817
Cropland management systems;A;Current trends (BAU);Conventional tillage;TO;0.005855327;0.00445013;0.010109311;0.006507568;0.010042501;0.011415283;0.014329784;0.014590047;0.0148159;0.015012209;0.015183292;0.015332919
Cropland management systems;A;Current trends (BAU);Conventional tillage;MA;0.041576566;0.021323996;0.022016288;0.019116498;0.01047286;0.004899183;0.006138605;0.004783575;0.003717833;0.002883184;0.002231822;0.001724981
Cropland management systems;A;Current trends (BAU);Conventional tillage;PI;0.027527427;0.014627635;0.015777699;0.013927944;0.014716815;0.01312514;0.013436624;0.013680665;0.013892441;0.014076514;0.014236934;0.014377235
Cropland management systems;A;Current trends (BAU);Conventional tillage;CE;0.037205816;0.031411127;0.02216765;0.022295801;0.016356119;0.015740073;0.013531627;0.012098039;0.010787834;0.009598397;0.008524482;0.007559182
Cropland management systems;A;Current trends (BAU);Conventional tillage;RN;0.010662709;0.006937939;0.005504601;0.003220529;0.003041023;0.003815503;0.003347589;0.003253118;0.003152984;0.00304922;0.002943478;0.002837071
Cropland management systems;A;Current trends (BAU);Conventional tillage;PB;0.017683827;0.012382392;0.006718998;0.005204799;0.004374291;0.004835531;0.004314196;0.004144891;0.003971739;0.003797462;0.003624191;0.003453553
Cropland management systems;A;Current trends (BAU);Conventional tillage;PE;0.029670169;0.022615628;0.016644851;0.01828036;0.00838664;0.008471101;0.007013753;0.005686474;0.004598221;0.003710068;0.002987987;0.002402775
Cropland management systems;A;Current trends (BAU);Conventional tillage;AL;0.017379765;0.014793131;0.009701835;0.009639539;0.00616722;0.005189636;0.004317469;0.003823003;0.003376249;0.002975154;0.002616913;0.002298299
Cropland management systems;A;Current trends (BAU);Conventional tillage;SE;0.005787475;0.00465202;0.003795815;0.001868436;0.001430254;0.000829001;0.000894387;0.000835822;0.000779035;0.000724512;0.000672571;0.000623403
Cropland management systems;A;Current trends (BAU);Conventional tillage;BA;0.045814332;0.052524539;0.035216597;0.029040924;0.02985732;0.019137768;0.017558242;0.015431703;0.013526984;0.011831323;0.010329289;0.009004199
Cropland management systems;A;Current trends (BAU);Conventional tillage;MG;0.071414155;0.048857076;0.041598053;0.036569521;0.034694385;0.031390391;0.034160746;0.034781187;0.035319597;0.035787577;0.036195423;0.036552117
Cropland management systems;A;Current trends (BAU);Conventional tillage;ES;0.005401448;0.003259113;0.002707485;0.002400275;0.00168234;0.000875255;0.00087309;0.000807377;0.000744643;0.000685276;0.000629487;0.00057736
Cropland management systems;A;Current trends (BAU);Conventional tillage;RJ;0.004987454;0.00446436;0.003761784;0.002998512;0.001522766;0.001042865;0.000842174;0.000769456;0.000701165;0.000637531;0.000578612;0.000524338
Cropland management systems;A;Current trends (BAU);Conventional tillage;SP;0.102339423;0.09523713;0.086265975;0.114276445;0.105325876;0.101916755;0.090046255;0.09168171;0.093100937;0.094334511;0.095409576;0.096349806
Cropland management systems;A;Current trends (BAU);Conventional tillage;PR;0.139835102;0.106422016;0.062627801;0.053085905;0.05743214;0.048401372;0.030200101;0.024085824;0.019158827;0.015206229;0.012047001;0.009529582
Cropland management systems;A;Current trends (BAU);Conventional tillage;SC;0.041204102;0.022367168;0.013222048;0.009476922;0.007939905;0.005682264;0.004461317;0.00397747;0.003536756;0.003137968;0.002779052;0.002457436
Cropland management systems;A;Current trends (BAU);Conventional tillage;RS;0.131058643;0.07803291;0.048742074;0.034362912;0.046361114;0.047360668;0.041910957;0.04267216;0.043332722;0.043906875;0.044407251;0.04484487
Cropland management systems;A;Current trends (BAU);Conventional tillage;MS;0.035358145;0.023316874;0.018408458;0.008204854;0.013898896;0.023687747;0.02904887;0.029576467;0.030034309;0.03043226;0.030779075;0.031082392
Cropland management systems;A;Current trends (BAU);Conventional tillage;MT;0.059912595;0.046273028;0.068713343;0.027869486;0.04784769;0.049409816;0.06094457;0.062051469;0.063012022;0.063846922;0.064574541;0.065210902
Cropland management systems;A;Current trends (BAU);Conventional tillage;GO;0.049500901;0.035114336;0.03043475;0.022488179;0.030833151;0.030954238;0.041020128;0.041765152;0.042411674;0.042973622;0.043463363;0.04389168
Cropland management systems;A;Current trends (BAU);Conventional tillage;DF;0.00132255;0.000589237;0.000388733;0.000267659;0.000631254;0.000696626;0.000619664;0.00059235;0.000564749;0.000537251;0.000510157;0.000483691
Cropland management systems;A;Current trends (BAU);No-till practices;RO;0.000157519;0.000598785;0.00085157;0.001900666;0.002744152;0.003159383;0.003154569;0.003124966;0.003087485;0.003043754;0.002995154;0.002942837
Cropland management systems;A;Current trends (BAU);No-till practices;AC;2.19654E-05;8.3498E-05;0.000118748;0.00012498;0.000105288;0.00010297;0.000101858;9.63022E-05;9.08098E-05;8.54426E-05;8.02455E-05;7.52497E-05
Cropland management systems;A;Current trends (BAU);No-till practices;AM;3.73092E-05;0.000141825;0.000201698;0.000195235;0.000145072;0.000133803;0.000132345;0.000125063;0.00011787;0.000110847;0.000104052;9.75243E-05
Cropland management systems;A;Current trends (BAU);No-till practices;RR;2.88876E-05;0.000109812;0.00015617;0.000283955;0.0003753;0.00042367;0.00041955;0.000398826;0.000378127;0.000357715;0.000337785;0.00031848
Cropland management systems;A;Current trends (BAU);No-till practices;PA;0.000178865;0.000679926;0.000966965;0.002296512;0.003389874;0.003920832;0.003924594;0.003936348;0.003937735;0.003930472;0.003916045;0.003895725
Cropland management systems;A;Current trends (BAU);No-till practices;AP;9.35737E-07;3.55706E-06;5.05871E-06;2.1072E-05;3.5672E-05;4.23443E-05;4.18901E-05;3.96195E-05;3.73732E-05;3.51769E-05;3.30491E-05;3.10027E-05
Cropland management systems;A;Current trends (BAU);No-till practices;TO;0.000402679;0.00153072;0.002176931;0.004577937;0.006458834;0.007399553;0.007428919;0.007563846;0.007680934;0.007782705;0.007871399;0.007948969
Cropland management systems;A;Current trends (BAU);No-till practices;MA;0.001116233;0.004243183;0.00603449;0.010360351;0.013290155;0.014896119;0.014955237;0.01522686;0.015462571;0.015667447;0.015845998;0.016002156
Cropland management systems;A;Current trends (BAU);No-till practices;PI;0.000410041;0.001558705;0.00221673;0.005316031;0.00787288;0.009112166;0.009148329;0.009314484;0.009458672;0.009583998;0.00969322;0.009788744
Cropland management systems;A;Current trends (BAU);No-till practices;CE;0.000241567;0.000918278;0.001305939;0.001013426;0.000442886;0.000262145;0.000258667;0.00024152;0.000224916;0.000208994;0.000193843;0.000179517
Cropland management systems;A;Current trends (BAU);No-till practices;RN;1.03232E-05;3.92419E-05;5.58083E-05;5.989E-05;5.17652E-05;5.1171E-05;5.06171E-05;4.78497E-05;4.51144E-05;4.24421E-05;3.98551E-05;3.73686E-05
Cropland management systems;A;Current trends (BAU);No-till practices;PB;3.33333E-05;0.000126711;0.000180204;0.000154739;9.06172E-05;7.20828E-05;7.12849E-05;6.73047E-05;6.33793E-05;5.95518E-05;5.5853E-05;5.23042E-05
Cropland management systems;A;Current trends (BAU);No-till practices;PE;0.000125302;0.000476317;0.0006774;0.00055991;0.000297535;0.000218505;0.000215924;0.000203103;0.00019054;0.000178361;0.000166655;0.000155481
Cropland management systems;A;Current trends (BAU);No-till practices;AL;6.05223E-05;0.000230066;0.000327191;0.00029547;0.000193277;0.000165865;0.000164023;0.000154837;0.000145781;0.000136952;0.000128423;0.000120242
Cropland management systems;A;Current trends (BAU);No-till practices;SE;6.94475E-06;2.63994E-05;3.75441E-05;6.63345E-05;8.64023E-05;9.72009E-05;9.61696E-05;9.10105E-05;8.59013E-05;8.09009E-05;7.60522E-05;7.1385E-05
Cropland management systems;A;Current trends (BAU);No-till practices;BA;0.002380421;0.009048795;0.012868845;0.016966757;0.018188067;0.019408342;0.019485367;0.019839268;0.020146379;0.020413315;0.020645952;0.020849411
Cropland management systems;A;Current trends (BAU);No-till practices;MG;0.003376767;0.012836246;0.018255211;0.02296889;0.023623504;0.024881811;0.024980559;0.025434265;0.025827986;0.026170203;0.026468447;0.026729285
Cropland management systems;A;Current trends (BAU);No-till practices;ES;1.20969E-05;4.59846E-05;6.53975E-05;0.000139224;0.000197393;0.000226384;0.000224072;0.000212481;0.000200958;0.000189643;0.000178638;0.000168014
Cropland management systems;A;Current trends (BAU);No-till practices;RJ;1.32506E-05;5.03702E-05;7.16346E-05;0.000109268;0.000130599;0.000143765;0.000142251;0.000134676;0.000127169;0.000119816;0.000112682;0.000105811
Cropland management systems;A;Current trends (BAU);No-till practices;SP;0.001729122;0.006572983;0.009347842;0.01203246;0.012633262;0.013394079;0.013447236;0.01369147;0.013903413;0.014087631;0.014248178;0.014388589
Cropland management systems;A;Current trends (BAU);No-till practices;PR;0.013860596;0.052688865;0.074932062;0.078827738;0.066365268;0.064886164;0.065143676;0.066326841;0.067353576;0.068246002;0.069023754;0.06970396
Cropland management systems;A;Current trends (BAU);No-till practices;SC;0.002835216;0.010777624;0.01532752;0.016155139;0.01363606;0.013346727;0.013326198;0.013200184;0.013040914;0.012855271;0.01264909;0.012427244
Cropland management systems;A;Current trends (BAU);No-till practices;RS;0.015226554;0.057881339;0.082316597;0.090413784;0.080465859;0.080482426;0.080801835;0.082269389;0.083542914;0.084649846;0.085614541;0.086458244
Cropland management systems;A;Current trends (BAU);No-till practices;MS;0.004580211;0.017410949;0.024761177;0.03013488;0.030022914;0.031291153;0.031415338;0.031985916;0.032481055;0.032911425;0.033286493;0.033614521
Cropland management systems;A;Current trends (BAU);No-till practices;MT;0.012175878;0.046284678;0.065824275;0.090479857;0.100349129;0.108179456;0.108608786;0.110581381;0.112293174;0.113781043;0.115077726;0.116211779
Cropland management systems;A;Current trends (BAU);No-till practices;GO;0.006740178;0.025621722;0.036438219;0.042555734;0.040635725;0.041732256;0.041897878;0.042658844;0.0433192;0.043893173;0.044393393;0.044830875
Cropland management systems;A;Current trends (BAU);No-till practices;DF;0.000252484;0.000959777;0.001364957;0.001367996;0.001074388;0.001018239;0.001007385;0.000953107;0.000899377;0.000846812;0.000795861;0.000746836
Cropland management systems;A;Current trends (BAU);Full no-till system;RO;3.93799E-05;0.000149696;0.000212892;0.000475166;0.000686038;0.000789846;0.000783107;0.000748911;0.000714322;0.000679834;0.000645828;0.000612588
Cropland management systems;A;Current trends (BAU);Full no-till system;AC;5.49135E-06;2.08745E-05;2.96869E-05;3.1245E-05;2.63221E-05;2.57424E-05;2.54631E-05;2.40678E-05;2.26891E-05;2.13423E-05;2.00388E-05;1.87862E-05
Cropland management systems;A;Current trends (BAU);Full no-till system;AM;9.32731E-06;3.54563E-05;5.04246E-05;4.88087E-05;3.6268E-05;3.34508E-05;3.3087E-05;3.127E-05;2.94749E-05;2.77218E-05;2.60254E-05;2.43955E-05
Cropland management systems;A;Current trends (BAU);Full no-till system;RR;7.2219E-06;2.74529E-05;3.90425E-05;7.09887E-05;9.3825E-05;0.000105917;0.000104797;9.91888E-05;9.36337E-05;8.81956E-05;8.29214E-05;7.78437E-05
Cropland management systems;A;Current trends (BAU);Full no-till system;PA;4.47162E-05;0.000169982;0.000241741;0.000574128;0.000847468;0.000980208;0.000972453;0.000932905;0.000892607;0.000852174;0.000812085;0.000772702
Cropland management systems;A;Current trends (BAU);Full no-till system;AP;2.33934E-07;8.89264E-07;1.26468E-06;5.268E-06;8.91801E-06;1.05861E-05;1.04714E-05;9.89849E-06;9.33228E-06;8.77914E-06;8.24367E-06;7.72907E-06
Cropland management systems;A;Current trends (BAU);Full no-till system;TO;0.00010067;0.00038268;0.000544233;0.001144484;0.001614709;0.001849888;0.001839688;0.001786297;0.001729886;0.001671578;0.00161228;0.001552716
Cropland management systems;A;Current trends (BAU);Full no-till system;MA;0.000279058;0.001060796;0.001508623;0.002590088;0.003322539;0.00372403;0.003719743;0.003691717;0.003654249;0.003609218;0.003558221;0.003502597
Cropland management systems;A;Current trends (BAU);Full no-till system;PI;0.00010251;0.000389676;0.000554182;0.001329008;0.00196822;0.002278041;0.002268982;0.002220215;0.002166772;0.002109972;0.002050902;0.001990447
Cropland management systems;A;Current trends (BAU);Full no-till system;CE;6.03917E-05;0.000229569;0.000326485;0.000253356;0.000110722;6.55362E-05;6.47846E-05;6.10438E-05;5.73674E-05;5.37941E-05;5.0351E-05;4.70565E-05
Cropland management systems;A;Current trends (BAU);Full no-till system;RN;2.58079E-06;9.81048E-06;1.39521E-05;1.49725E-05;1.29413E-05;1.27928E-05;1.26539E-05;1.19601E-05;1.12745E-05;1.06049E-05;9.95689E-06;9.33418E-06
Cropland management systems;A;Current trends (BAU);Full no-till system;PB;8.33332E-06;3.16778E-05;4.50509E-05;3.86847E-05;2.26543E-05;1.80207E-05;1.78239E-05;1.68415E-05;1.58713E-05;1.49241E-05;1.40078E-05;1.31277E-05
Cropland management systems;A;Current trends (BAU);Full no-till system;PE;3.13256E-05;0.000119079;0.00016935;0.000139978;7.43838E-05;5.46263E-05;5.40197E-05;5.09942E-05;4.80114E-05;4.51038E-05;4.22947E-05;3.96002E-05
Cropland management systems;A;Current trends (BAU);Full no-till system;AL;1.51306E-05;5.75165E-05;8.17977E-05;7.38674E-05;4.83191E-05;4.14663E-05;4.10132E-05;3.87508E-05;3.65168E-05;3.4336E-05;3.22264E-05;3.02003E-05
Cropland management systems;A;Current trends (BAU);Full no-till system;SE;1.73619E-06;6.59984E-06;9.38604E-06;1.65836E-05;2.16006E-05;2.43002E-05;2.40377E-05;2.27259E-05;2.14291E-05;2.01619E-05;1.8935E-05;1.77556E-05
Cropland management systems;A;Current trends (BAU);Full no-till system;BA;0.000595105;0.002262199;0.003217211;0.004241689;0.004547017;0.004852085;0.004845176;0.004802099;0.004746866;0.004681964;0.004609502;0.004531244
Cropland management systems;A;Current trends (BAU);Full no-till system;MG;0.000844192;0.003209061;0.004563803;0.005742222;0.005905876;0.006220453;0.006221139;0.006213348;0.006189218;0.006151643;0.00610311;0.006045731
Cropland management systems;A;Current trends (BAU);Full no-till system;ES;3.02423E-06;1.14961E-05;1.63494E-05;3.48061E-05;4.93483E-05;5.65959E-05;5.59901E-05;5.29614E-05;4.99646E-05;4.70338E-05;4.41939E-05;4.14622E-05
Cropland management systems;A;Current trends (BAU);Full no-till system;RJ;3.31266E-06;1.25926E-05;1.79086E-05;2.73171E-05;3.26497E-05;3.59412E-05;3.55537E-05;3.36169E-05;3.1702E-05;2.98304E-05;2.8018E-05;2.62756E-05
Cropland management systems;A;Current trends (BAU);Full no-till system;SP;0.00043228;0.001643246;0.002336961;0.003008115;0.003158316;0.00334852;0.003332947;0.003250292;0.003161337;0.003068063;0.002972095;0.002874739
Cropland management systems;A;Current trends (BAU);Full no-till system;PR;0.003465149;0.013172216;0.018733015;0.019706935;0.016591317;0.016221541;0.016224854;0.016212144;0.016156764;0.016066213;0.015946945;0.015804435
Cropland management systems;A;Current trends (BAU);Full no-till system;SC;0.000708804;0.002694406;0.00383188;0.004038785;0.003409015;0.003336682;0.003308201;0.003163686;0.003017513;0.002871774;0.002728074;0.002587614
Cropland management systems;A;Current trends (BAU);Full no-till system;RS;0.003806638;0.014470335;0.020579149;0.022603446;0.020116465;0.020120606;0.020200459;0.020567347;0.020885728;0.021162461;0.021403635;0.021614561
Cropland management systems;A;Current trends (BAU);Full no-till system;MS;0.001145053;0.004352737;0.006190294;0.00753372;0.007505729;0.007822788;0.007836709;0.00789243;0.007927606;0.007945451;0.007948769;0.007939968
Cropland management systems;A;Current trends (BAU);Full no-till system;MT;0.00304397;0.011571169;0.016456069;0.022619964;0.025087282;0.027044864;0.027152197;0.027645345;0.028073293;0.028445261;0.028769432;0.029052945
Cropland management systems;A;Current trends (BAU);Full no-till system;GO;0.001685044;0.00640543;0.009109555;0.010638933;0.010158931;0.010433064;0.01047277;0.010654333;0.010810488;0.010944842;0.011060596;0.011160536
Cropland management systems;A;Current trends (BAU);Full no-till system;DF;6.31209E-05;0.000239944;0.000341239;0.000341999;0.000268597;0.00025456;0.000251806;0.00023805;0.000224452;0.000211167;0.000198304;0.000185941
Cropland management systems;B;Good governance (ABC+);Conventional tillage;RO;0.011492547;0.006786248;0.006236809;0.006298414;0.002791344;0.004282052;0.005929679;0.005412818;0.005412818;0.005412818;0.005412818;0.005412818
Cropland management systems;B;Good governance (ABC+);Conventional tillage;AC;0.002310176;0.001957007;0.001766956;0.001796405;0.001460989;0.000852106;0.000835402;0.000536686;0.000536686;0.000536686;0.000536686;0.000536686
Cropland management systems;B;Good governance (ABC+);Conventional tillage;AM;0.001308173;0.003120272;0.002744757;0.002243211;0.001492019;0.001423353;0.001409436;0.000925928;0.000925928;0.000925928;0.000925928;0.000925928
Cropland management systems;B;Good governance (ABC+);Conventional tillage;RR;0.000718744;0.000685638;0.000880796;0.000252373;0.000368979;0.000800919;0.001561057;0.001414479;0.001414479;0.001414479;0.001414479;0.001414479
Cropland management systems;B;Good governance (ABC+);Conventional tillage;PA;0.020045974;0.023931856;0.017486875;0.011220796;0.011790698;0.01445113;0.019531687;0.016900575;0.016900575;0.016900575;0.016900575;0.016900575
Cropland management systems;B;Good governance (ABC+);Conventional tillage;AP;0.000107451;0.000184246;0.000251928;0.000362941;0.000454065;0.000503462;0.000222717;7.15115E-05;7.15115E-05;7.15115E-05;7.15115E-05;7.15115E-05
Cropland management systems;B;Good governance (ABC+);Conventional tillage;TO;0.005855327;0.00445013;0.010109311;0.006507568;0.010042501;0.011415283;0.01401077;0.012805594;0.012805594;0.012805594;0.012805594;0.012805594
Cropland management systems;B;Good governance (ABC+);Conventional tillage;MA;0.041576566;0.021323996;0.022016288;0.019116498;0.01047286;0.004899183;0.006559215;0.007221796;0.007221796;0.007221796;0.007221796;0.007221796
Cropland management systems;B;Good governance (ABC+);Conventional tillage;PI;0.027527427;0.014627635;0.015777699;0.013927944;0.014716815;0.01312514;0.013100208;0.011803841;0.011803841;0.011803841;0.011803841;0.011803841
Cropland management systems;B;Good governance (ABC+);Conventional tillage;CE;0.037205816;0.031411127;0.02216765;0.022295801;0.016356119;0.015740073;0.012544749;0.006501752;0.006501752;0.006501752;0.006501752;0.006501752
Cropland management systems;B;Good governance (ABC+);Conventional tillage;RN;0.010662709;0.006937939;0.005504601;0.003220529;0.003041023;0.003815503;0.003109744;0.001904365;0.001904365;0.001904365;0.001904365;0.001904365
Cropland management systems;B;Good governance (ABC+);Conventional tillage;PB;0.017683827;0.012382392;0.006718998;0.005204799;0.004374291;0.004835531;0.004018842;0.002470021;0.002470021;0.002470021;0.002470021;0.002470021
Cropland management systems;B;Good governance (ABC+);Conventional tillage;PE;0.029670169;0.022615628;0.016644851;0.01828036;0.00838664;0.008471101;0.006525775;0.00291929;0.00291929;0.00291929;0.00291929;0.00291929
Cropland management systems;B;Good governance (ABC+);Conventional tillage;AL;0.017379765;0.014793131;0.009701835;0.009639539;0.00616722;0.005189636;0.003959936;0.001795533;0.001795533;0.001795533;0.001795533;0.001795533
Cropland management systems;B;Good governance (ABC+);Conventional tillage;SE;0.005787475;0.00465202;0.003795815;0.001868436;0.001430254;0.000829001;0.000847768;0.000571459;0.000571459;0.000571459;0.000571459;0.000571459
Cropland management systems;B;Good governance (ABC+);Conventional tillage;BA;0.045814332;0.052524539;0.035216597;0.029040924;0.02985732;0.019137768;0.017246164;0.013730754;0.013730754;0.013730754;0.013730754;0.013730754
Cropland management systems;B;Good governance (ABC+);Conventional tillage;MG;0.071414155;0.048857076;0.041598053;0.036569521;0.034694385;0.031390391;0.033483473;0.031031562;0.031031562;0.031031562;0.031031562;0.031031562
Cropland management systems;B;Good governance (ABC+);Conventional tillage;ES;0.005401448;0.003259113;0.002707485;0.002400275;0.00168234;0.000875255;0.000822281;0.000519254;0.000519254;0.000519254;0.000519254;0.000519254
Cropland management systems;B;Good governance (ABC+);Conventional tillage;RJ;0.004987454;0.00446436;0.003761784;0.002998512;0.001522766;0.001042865;0.000779947;0.000416582;0.000416582;0.000416582;0.000416582;0.000416582
Cropland management systems;B;Good governance (ABC+);Conventional tillage;SP;0.102339423;0.09523713;0.086265975;0.114276445;0.105325876;0.101916755;0.084198793;0.058567384;0.058567384;0.058567384;0.058567384;0.058567384
Cropland management systems;B;Good governance (ABC+);Conventional tillage;PR;0.139835102;0.106422016;0.062627801;0.053085905;0.05743214;0.048401372;0.030444948;0.025712076;0.025712076;0.025712076;0.025712076;0.025712076
Cropland management systems;B;Good governance (ABC+);Conventional tillage;SC;0.041204102;0.022367168;0.013222048;0.009476922;0.007939905;0.005682264;0.004654833;0.00509197;0.00509197;0.00509197;0.00509197;0.00509197
Cropland management systems;B;Good governance (ABC+);Conventional tillage;RS;0.131058643;0.07803291;0.048742074;0.034362912;0.046361114;0.047360668;0.043213302;0.050381226;0.050381226;0.050381226;0.050381226;0.050381226
Cropland management systems;B;Good governance (ABC+);Conventional tillage;MS;0.035358145;0.023316874;0.018408458;0.008204854;0.013898896;0.023687747;0.029253419;0.030855374;0.030855374;0.030855374;0.030855374;0.030855374
Cropland management systems;B;Good governance (ABC+);Conventional tillage;MT;0.059912595;0.046273028;0.068713343;0.027869486;0.04784769;0.049409816;0.063383837;0.076319141;0.076319141;0.076319141;0.076319141;0.076319141
Cropland management systems;B;Good governance (ABC+);Conventional tillage;GO;0.049500901;0.035114336;0.03043475;0.022488179;0.030833151;0.030954238;0.041329528;0.043686845;0.043686845;0.043686845;0.043686845;0.043686845
Cropland management systems;B;Good governance (ABC+);Conventional tillage;DF;0.00132255;0.000589237;0.000388733;0.000267659;0.000631254;0.000696626;0.000613255;0.000556009;0.000556009;0.000556009;0.000556009;0.000556009
Cropland management systems;B;Good governance (ABC+);No-till practices;RO;0.000157519;0.000598785;0.00085157;0.001900666;0.002744152;0.003159383;0.003189004;0.003316235;0.003316235;0.003316235;0.003316235;0.003316235
Cropland management systems;B;Good governance (ABC+);No-till practices;AC;2.19654E-05;8.3498E-05;0.000118748;0.00012498;0.000105288;0.00010297;0.000134414;0.000280919;0.000280919;0.000280919;0.000280919;0.000280919
Cropland management systems;B;Good governance (ABC+);No-till practices;AM;3.73092E-05;0.000141825;0.000201698;0.000195235;0.000145072;0.000133803;0.000186185;0.000430377;0.000430377;0.000430377;0.000430377;0.000430377
Cropland management systems;B;Good governance (ABC+);No-till practices;RR;2.88876E-05;0.000109812;0.00015617;0.000283955;0.0003753;0.00042367;0.000433031;0.000475265;0.000475265;0.000475265;0.000475265;0.000475265
Cropland management systems;B;Good governance (ABC+);No-till practices;PA;0.000178865;0.000679926;0.000966965;0.002296512;0.003389874;0.003920832;0.004300871;0.006062123;0.006062123;0.006062123;0.006062123;0.006062123
Cropland management systems;B;Good governance (ABC+);No-till practices;AP;9.35737E-07;3.55706E-06;5.05871E-06;2.1072E-05;3.5672E-05;4.23443E-05;6.04833E-05;0.000145056;0.000145056;0.000145056;0.000145056;0.000145056
Cropland management systems;B;Good governance (ABC+);No-till practices;TO;0.000402679;0.00153072;0.002176931;0.004577937;0.006458834;0.007399553;0.007560783;0.008287792;0.008287792;0.008287792;0.008287792;0.008287792
Cropland management systems;B;Good governance (ABC+);No-till practices;MA;0.001116233;0.004243183;0.00603449;0.010360351;0.013290155;0.014896119;0.014550888;0.01288596;0.01288596;0.01288596;0.01288596;0.01288596
Cropland management systems;B;Good governance (ABC+);No-till practices;PI;0.000410041;0.001558705;0.00221673;0.005316031;0.00787288;0.009112166;0.009276837;0.010013888;0.010013888;0.010013888;0.010013888;0.010013888
Cropland management systems;B;Good governance (ABC+);No-till practices;CE;0.000241567;0.000918278;0.001305939;0.001013426;0.000442886;0.000262145;0.000889084;0.003816418;0.003816418;0.003816418;0.003816418;0.003816418
Cropland management systems;B;Good governance (ABC+);No-till practices;RN;1.03232E-05;3.92419E-05;5.58083E-05;5.989E-05;5.17652E-05;5.1171E-05;0.000202567;0.000909513;0.000909513;0.000909513;0.000909513;0.000909513
Cropland management systems;B;Good governance (ABC+);No-till practices;PB;3.33333E-05;0.000126711;0.000180204;0.000154739;9.06172E-05;7.20828E-05;0.000259935;0.001137087;0.001137087;0.001137087;0.001137087;0.001137087
Cropland management systems;B;Good governance (ABC+);No-till practices;PE;0.000125302;0.000476317;0.0006774;0.00055991;0.000297535;0.000218505;0.000527141;0.001967922;0.001967922;0.001967922;0.001967922;0.001967922
Cropland management systems;B;Good governance (ABC+);No-till practices;AL;6.05223E-05;0.000230066;0.000327191;0.00029547;0.000193277;0.000165865;0.00039198;0.001447517;0.001447517;0.001447517;0.001447517;0.001447517
Cropland management systems;B;Good governance (ABC+);No-till practices;SE;6.94475E-06;2.63994E-05;3.75441E-05;6.63345E-05;8.64023E-05;9.72009E-05;0.000125484;0.000257243;0.000257243;0.000257243;0.000257243;0.000257243
Cropland management systems;B;Good governance (ABC+);No-till practices;BA;0.002380421;0.009048795;0.012868845;0.016966757;0.018188067;0.019408342;0.019508149;0.019905984;0.019905984;0.019905984;0.019905984;0.019905984
Cropland management systems;B;Good governance (ABC+);No-till practices;MG;0.003376767;0.012836246;0.018255211;0.02296889;0.023623504;0.024881811;0.025193272;0.02656041;0.02656041;0.02656041;0.02656041;0.02656041
Cropland management systems;B;Good governance (ABC+);No-till practices;ES;1.20969E-05;4.59846E-05;6.53975E-05;0.000139224;0.000197393;0.000226384;0.000255346;0.000389822;0.000389822;0.000389822;0.000389822;0.000389822
Cropland management systems;B;Good governance (ABC+);No-till practices;RJ;1.32506E-05;5.03702E-05;7.16346E-05;0.000109268;0.000130599;0.000143765;0.000181301;0.000356116;0.000356116;0.000356116;0.000356116;0.000356116
Cropland management systems;B;Good governance (ABC+);No-till practices;SP;0.001729122;0.006572983;0.009347842;0.01203246;0.012633262;0.013394079;0.017060582;0.034138624;0.034138624;0.034138624;0.034138624;0.034138624
Cropland management systems;B;Good governance (ABC+);No-till practices;PR;0.013860596;0.052688865;0.074932062;0.078827738;0.066365268;0.064886164;0.064412306;0.061970582;0.061970582;0.061970582;0.061970582;0.061970582
Cropland management systems;B;Good governance (ABC+);No-till practices;SC;0.002835216;0.010777624;0.01532752;0.016155139;0.01363606;0.013346727;0.013091937;0.011854891;0.011854891;0.011854891;0.011854891;0.011854891
Cropland management systems;B;Good governance (ABC+);No-till practices;RS;0.015226554;0.057881339;0.082316597;0.090413784;0.080465859;0.080482426;0.079304012;0.073516589;0.073516589;0.073516589;0.073516589;0.073516589
Cropland management systems;B;Good governance (ABC+);No-till practices;MS;0.004580211;0.017410949;0.024761177;0.03013488;0.030022914;0.031291153;0.031015182;0.029616017;0.029616017;0.029616017;0.029616017;0.029616017
Cropland management systems;B;Good governance (ABC+);No-till practices;MT;0.012175878;0.046284678;0.065824275;0.090479857;0.100349129;0.108179456;0.106154715;0.096316811;0.096316811;0.096316811;0.096316811;0.096316811
Cropland management systems;B;Good governance (ABC+);No-till practices;GO;0.006740178;0.025621722;0.036438219;0.042555734;0.040635725;0.041732256;0.041354306;0.039442068;0.039442068;0.039442068;0.039442068;0.039442068
Cropland management systems;B;Good governance (ABC+);No-till practices;DF;0.000252484;0.000959777;0.001364957;0.001367996;0.001074388;0.001018239;0.001006036;0.000945452;0.000945452;0.000945452;0.000945452;0.000945452
Cropland management systems;B;Good governance (ABC+);Full no-till system;RO;3.93799E-05;0.000149696;0.000212892;0.000475166;0.000686038;0.000789846;0.000859386;0.001090399;0.001090399;0.001090399;0.001090399;0.001090399
Cropland management systems;B;Good governance (ABC+);Full no-till system;AC;5.49135E-06;2.08745E-05;2.96869E-05;3.1245E-05;2.63221E-05;2.57424E-05;4.46302E-05;0.000132759;0.000132759;0.000132759;0.000132759;0.000132759
Cropland management systems;B;Good governance (ABC+);Full no-till system;AM;9.32731E-06;3.54563E-05;5.04246E-05;4.88087E-05;3.6268E-05;3.34508E-05;6.44756E-05;0.000209266;0.000209266;0.000209266;0.000209266;0.000209266
Cropland management systems;B;Good governance (ABC+);Full no-till system;RR;7.2219E-06;2.74529E-05;3.90425E-05;7.09887E-05;9.3825E-05;0.000105917;0.000116122;0.000163412;0.000163412;0.000163412;0.000163412;0.000163412
Cropland management systems;B;Good governance (ABC+);Full no-till system;PA;4.47162E-05;0.000169982;0.000241741;0.000574128;0.000847468;0.000980208;0.001239686;0.002448181;0.002448181;0.002448181;0.002448181;0.002448181
Cropland management systems;B;Good governance (ABC+);Full no-till system;AP;2.33934E-07;8.89264E-07;1.26468E-06;5.268E-06;8.91801E-06;1.05861E-05;2.12829E-05;7.12073E-05;7.12073E-05;7.12073E-05;7.12073E-05;7.12073E-05
Cropland management systems;B;Good governance (ABC+);Full no-till system;TO;0.00010067;0.00038268;0.000544233;0.001144484;0.001614709;0.001849888;0.002026837;0.002846804;0.002846804;0.002846804;0.002846804;0.002846804
Cropland management systems;B;Good governance (ABC+);Full no-till system;MA;0.000279058;0.001060796;0.001508623;0.002590088;0.003322539;0.00372403;0.003703482;0.003594397;0.003594397;0.003594397;0.003594397;0.003594397
Cropland management systems;B;Good governance (ABC+);Full no-till system;PI;0.00010251;0.000389676;0.000554182;0.001329008;0.00196822;0.002278041;0.00247689;0.003397636;0.003397636;0.003397636;0.003397636;0.003397636
Cropland management systems;B;Good governance (ABC+);Full no-till system;CE;6.03917E-05;0.000229569;0.000326485;0.000253356;0.000110722;6.55362E-05;0.000421245;0.002082432;0.002082432;0.002082432;0.002082432;0.002082432
Cropland management systems;B;Good governance (ABC+);Full no-till system;RN;2.58079E-06;9.81048E-06;1.39521E-05;1.49725E-05;1.29413E-05;1.27928E-05;9.85493E-05;0.000499049;0.000499049;0.000499049;0.000499049;0.000499049
Cropland management systems;B;Good governance (ABC+);Full no-till system;PB;8.33332E-06;3.16778E-05;4.50509E-05;3.86847E-05;2.26543E-05;1.80207E-05;0.000124528;0.00062193;0.00062193;0.00062193;0.00062193;0.00062193
Cropland management systems;B;Good governance (ABC+);Full no-till system;PE;3.13256E-05;0.000119079;0.00016935;0.000139978;7.43838E-05;5.46263E-05;0.000230781;0.001053358;0.001053358;0.001053358;0.001053358;0.001053358
Cropland management systems;B;Good governance (ABC+);Full no-till system;AL;1.51306E-05;5.75165E-05;8.17977E-05;7.38674E-05;4.83191E-05;4.14663E-05;0.00017059;0.000773542;0.000773542;0.000773542;0.000773542;0.000773542
Cropland management systems;B;Good governance (ABC+);Full no-till system;SE;1.73619E-06;6.59984E-06;9.38604E-06;1.65836E-05;2.16006E-05;2.43002E-05;4.13424E-05;0.000120856;0.000120856;0.000120856;0.000120856;0.000120856
Cropland management systems;B;Good governance (ABC+);Full no-till system;BA;0.000595105;0.002262199;0.003217211;0.004241689;0.004547017;0.004852085;0.005134471;0.006436332;0.006436332;0.006436332;0.006436332;0.006436332
Cropland management systems;B;Good governance (ABC+);Full no-till system;MG;0.000844192;0.003209061;0.004563803;0.005742222;0.005905876;0.006220453;0.006685698;0.008836828;0.008836828;0.008836828;0.008836828;0.008836828
Cropland management systems;B;Good governance (ABC+);Full no-till system;ES;3.02423E-06;1.14961E-05;1.63494E-05;3.48061E-05;4.93483E-05;5.65959E-05;7.5526E-05;0.000163744;0.000163744;0.000163744;0.000163744;0.000163744
Cropland management systems;B;Good governance (ABC+);Full no-till system;RJ;3.31266E-06;1.25926E-05;1.79086E-05;2.73171E-05;3.26497E-05;3.59412E-05;5.87313E-05;0.000165051;0.000165051;0.000165051;0.000165051;0.000165051
Cropland management systems;B;Good governance (ABC+);Full no-till system;SP;0.00043228;0.001643246;0.002336961;0.003008115;0.003158316;0.00334852;0.005567063;0.015917465;0.015917465;0.015917465;0.015917465;0.015917465
Cropland management systems;B;Good governance (ABC+);Full no-till system;PR;0.003465149;0.013172216;0.018733015;0.019706935;0.016591317;0.016221541;0.016711378;0.018942151;0.018942151;0.018942151;0.018942151;0.018942151
Cropland management systems;B;Good governance (ABC+);Full no-till system;SC;0.000708804;0.002694406;0.00383188;0.004038785;0.003409015;0.003336682;0.003348946;0.00339448;0.00339448;0.00339448;0.00339448;0.00339448
Cropland management systems;B;Good governance (ABC+);Full no-till system;RS;0.003806638;0.014470335;0.020579149;0.022603446;0.020116465;0.020120606;0.020395937;0.021611082;0.021611082;0.021611082;0.021611082;0.021611082
Cropland management systems;B;Good governance (ABC+);Full no-till system;MS;0.001145053;0.004352737;0.006190294;0.00753372;0.007505729;0.007822788;0.008032317;0.008983422;0.008983422;0.008983422;0.008983422;0.008983422
Cropland management systems;B;Good governance (ABC+);Full no-till system;MT;0.00304397;0.011571169;0.016456069;0.022619964;0.025087282;0.027044864;0.027167001;0.027642243;0.027642243;0.027642243;0.027642243;0.027642243
Cropland management systems;B;Good governance (ABC+);Full no-till system;GO;0.001685044;0.00640543;0.009109555;0.010638933;0.010158931;0.010433064;0.010706943;0.011949417;0.011949417;0.011949417;0.011949417;0.011949417
Cropland management systems;B;Good governance (ABC+);Full no-till system;DF;6.31209E-05;0.000239944;0.000341239;0.000341999;0.000268597;0.00025456;0.000259565;0.000282047;0.000282047;0.000282047;0.000282047;0.000282047
Cropland management systems;C;High governance (Beyond ABC+);Conventional tillage;RO;0.011492547;0.006786248;0.006236809;0.006298414;0.002791344;0.004282052;0.005945728;0.005412818;0.001927727;0.001927727;0.001927727;0.001927727
Cropland management systems;C;High governance (Beyond ABC+);Conventional tillage;AC;0.002310176;0.001957007;0.001766956;0.001796405;0.001460989;0.000852106;0.000835402;0.000536686;0.000177599;0.000177599;0.000177599;0.000177599
Cropland management systems;C;High governance (Beyond ABC+);Conventional tillage;AM;0.001308173;0.003120272;0.002744757;0.002243211;0.001492019;0.001423353;0.001409436;0.000925928;0.000294508;0.000294508;0.000294508;0.000294508
Cropland management systems;C;High governance (Beyond ABC+);Conventional tillage;RR;0.000718744;0.000685638;0.000880796;0.000252373;0.000368979;0.000800919;0.001561057;0.001414479;0.000398552;0.000398552;0.000398552;0.000398552
Cropland management systems;C;High governance (Beyond ABC+);Conventional tillage;PA;0.020045974;0.023931856;0.017486875;0.011220796;0.011790698;0.01445113;0.019531687;0.016900575;0.00513799;0.00513799;0.00513799;0.00513799
Cropland management systems;C;High governance (Beyond ABC+);Conventional tillage;AP;0.000107451;0.000184246;0.000251928;0.000362941;0.000454065;0.000503462;0.000222717;7.15115E-05;5.42534E-05;5.42534E-05;5.42534E-05;5.42534E-05
Cropland management systems;C;High governance (Beyond ABC+);Conventional tillage;TO;0.005855327;0.00445013;0.010109311;0.006507568;0.010042501;0.011415283;0.01401077;0.012805594;0.004845344;0.004845344;0.004845344;0.004845344
Cropland management systems;C;High governance (Beyond ABC+);Conventional tillage;MA;0.041576566;0.021323996;0.022016288;0.019116498;0.01047286;0.004899183;0.006559215;0.007221796;0.004566931;0.004566931;0.004566931;0.004566931
Cropland management systems;C;High governance (Beyond ABC+);Conventional tillage;PI;0.027527427;0.014627635;0.015777699;0.013927944;0.014716815;0.01312514;0.013100208;0.011803841;0.005103577;0.005103577;0.005103577;0.005103577
Cropland management systems;C;High governance (Beyond ABC+);Conventional tillage;CE;0.037205816;0.031411127;0.02216765;0.022295801;0.016356119;0.015740073;0.012544749;0.006501752;0.002214024;0.002214024;0.002214024;0.002214024
Cropland management systems;C;High governance (Beyond ABC+);Conventional tillage;RN;0.010662709;0.006937939;0.005504601;0.003220529;0.003041023;0.003815503;0.003109744;0.001904365;0.000641875;0.000641875;0.000641875;0.000641875
Cropland management systems;C;High governance (Beyond ABC+);Conventional tillage;PB;0.017683827;0.012382392;0.006718998;0.005204799;0.004374291;0.004835531;0.004018842;0.002470021;0.000810198;0.000810198;0.000810198;0.000810198
Cropland management systems;C;High governance (Beyond ABC+);Conventional tillage;PE;0.029670169;0.022615628;0.016644851;0.01828036;0.00838664;0.008471101;0.006525775;0.00291929;0.000967354;0.000967354;0.000967354;0.000967354
Cropland management systems;C;High governance (Beyond ABC+);Conventional tillage;AL;0.017379765;0.014793131;0.009701835;0.009639539;0.00616722;0.005189636;0.003959936;0.001795533;0.000711709;0.000711709;0.000711709;0.000711709
Cropland management systems;C;High governance (Beyond ABC+);Conventional tillage;SE;0.005787475;0.00465202;0.003795815;0.001868436;0.001430254;0.000829001;0.000847768;0.000571459;0.000177273;0.000177273;0.000177273;0.000177273
Cropland management systems;C;High governance (Beyond ABC+);Conventional tillage;BA;0.045814332;0.052524539;0.035216597;0.029040924;0.02985732;0.019137768;0.017246164;0.013730754;0.007684046;0.007684046;0.007684046;0.007684046
Cropland management systems;C;High governance (Beyond ABC+);Conventional tillage;MG;0.071414155;0.048857076;0.041598053;0.036569521;0.034694385;0.031390391;0.033483473;0.031031562;0.01346736;0.01346736;0.01346736;0.01346736
Cropland management systems;C;High governance (Beyond ABC+);Conventional tillage;ES;0.005401448;0.003259113;0.002707485;0.002400275;0.00168234;0.000875255;0.000822281;0.000519254;0.000199113;0.000199113;0.000199113;0.000199113
Cropland management systems;C;High governance (Beyond ABC+);Conventional tillage;RJ;0.004987454;0.00446436;0.003761784;0.002998512;0.001522766;0.001042865;0.000779947;0.000416582;0.000172007;0.000172007;0.000172007;0.000172007
Cropland management systems;C;High governance (Beyond ABC+);Conventional tillage;SP;0.102339423;0.09523713;0.086265975;0.114276445;0.105325876;0.101916755;0.084198793;0.058567384;0.022033137;0.022033137;0.022033137;0.022033137
Cropland management systems;C;High governance (Beyond ABC+);Conventional tillage;PR;0.139835102;0.106422016;0.062627801;0.053085905;0.05743214;0.048401372;0.030444948;0.025712076;0.020533833;0.020533833;0.020533833;0.020533833
Cropland management systems;C;High governance (Beyond ABC+);Conventional tillage;SC;0.041204102;0.022367168;0.013222048;0.009476922;0.007939905;0.005682264;0.004654833;0.00509197;0.003919037;0.003919037;0.003919037;0.003919037
Cropland management systems;C;High governance (Beyond ABC+);Conventional tillage;RS;0.131058643;0.07803291;0.048742074;0.034362912;0.046361114;0.047360668;0.043213302;0.050381226;0.029552273;0.029552273;0.029552273;0.029552273
Cropland management systems;C;High governance (Beyond ABC+);Conventional tillage;MS;0.035358145;0.023316874;0.018408458;0.008204854;0.013898896;0.023687747;0.029253419;0.030855374;0.014088594;0.014088594;0.014088594;0.014088594
Cropland management systems;C;High governance (Beyond ABC+);Conventional tillage;MT;0.059912595;0.046273028;0.068713343;0.027869486;0.04784769;0.049409816;0.063383837;0.076319141;0.040675698;0.040675698;0.040675698;0.040675698
Cropland management systems;C;High governance (Beyond ABC+);Conventional tillage;GO;0.049500901;0.035114336;0.03043475;0.022488179;0.030833151;0.030954238;0.041329528;0.043686845;0.019308272;0.019308272;0.019308272;0.019308272
Cropland management systems;C;High governance (Beyond ABC+);Conventional tillage;DF;0.00132255;0.000589237;0.000388733;0.000267659;0.000631254;0.000696626;0.000613255;0.000556009;0.000337716;0.000337716;0.000337716;0.000337716
Cropland management systems;C;High governance (Beyond ABC+);No-till practices;RO;0.000157519;0.000598785;0.00085157;0.001900666;0.002744152;0.003159383;0.003189004;0.003316235;0.006168725;0.006168725;0.006168725;0.006168725
Cropland management systems;C;High governance (Beyond ABC+);No-till practices;AC;2.19654E-05;8.3498E-05;0.000118748;0.00012498;0.000105288;0.00010297;0.000134414;0.000280919;0.000568318;0.000568318;0.000568318;0.000568318
Cropland management systems;C;High governance (Beyond ABC+);No-till practices;AM;3.73092E-05;0.000141825;0.000201698;0.000195235;0.000145072;0.000133803;0.000186185;0.000430377;0.000942425;0.000942425;0.000942425;0.000942425
Cropland management systems;C;High governance (Beyond ABC+);No-till practices;RR;2.88876E-05;0.000109812;0.00015617;0.000283955;0.0003753;0.00042367;0.000433031;0.000475265;0.001275365;0.001275365;0.001275365;0.001275365
Cropland management systems;C;High governance (Beyond ABC+);No-till practices;PA;0.000178865;0.000679926;0.000966965;0.002296512;0.003389874;0.003920832;0.004300871;0.006062123;0.016441569;0.016441569;0.016441569;0.016441569
Cropland management systems;C;High governance (Beyond ABC+);No-till practices;AP;9.35737E-07;3.55706E-06;5.05871E-06;2.1072E-05;3.5672E-05;4.23443E-05;6.04833E-05;0.000145056;0.000173611;0.000173611;0.000173611;0.000173611
Cropland management systems;C;High governance (Beyond ABC+);No-till practices;TO;0.000402679;0.00153072;0.002176931;0.004577937;0.006458834;0.007399553;0.007560783;0.008287792;0.015505101;0.015505101;0.015505101;0.015505101
Cropland management systems;C;High governance (Beyond ABC+);No-till practices;MA;0.001116233;0.004243183;0.00603449;0.010360351;0.013290155;0.014896119;0.014550888;0.01288596;0.014614178;0.014614178;0.014614178;0.014614178
Cropland management systems;C;High governance (Beyond ABC+);No-till practices;PI;0.000410041;0.001558705;0.00221673;0.005316031;0.00787288;0.009112166;0.009276837;0.010013888;0.016331447;0.016331447;0.016331447;0.016331447
Cropland management systems;C;High governance (Beyond ABC+);No-till practices;CE;0.000241567;0.000918278;0.001305939;0.001013426;0.000442886;0.000262145;0.000889084;0.003816418;0.007084875;0.007084875;0.007084875;0.007084875
Cropland management systems;C;High governance (Beyond ABC+);No-till practices;RN;1.03232E-05;3.92419E-05;5.58083E-05;5.989E-05;5.17652E-05;5.1171E-05;0.000202567;0.000909513;0.002053998;0.002053998;0.002053998;0.002053998
Cropland management systems;C;High governance (Beyond ABC+);No-till practices;PB;3.33333E-05;0.000126711;0.000180204;0.000154739;9.06172E-05;7.20828E-05;0.000259935;0.001137087;0.002592633;0.002592633;0.002592633;0.002592633
Cropland management systems;C;High governance (Beyond ABC+);No-till practices;PE;0.000125302;0.000476317;0.0006774;0.00055991;0.000297535;0.000218505;0.000527141;0.001967922;0.003095534;0.003095534;0.003095534;0.003095534
Cropland management systems;C;High governance (Beyond ABC+);No-till practices;AL;6.05223E-05;0.000230066;0.000327191;0.00029547;0.000193277;0.000165865;0.00039198;0.001447517;0.00227747;0.00227747;0.00227747;0.00227747
Cropland management systems;C;High governance (Beyond ABC+);No-till practices;SE;6.94475E-06;2.63994E-05;3.75441E-05;6.63345E-05;8.64023E-05;9.72009E-05;0.000125484;0.000257243;0.000567274;0.000567274;0.000567274;0.000567274
Cropland management systems;C;High governance (Beyond ABC+);No-till practices;BA;0.002380421;0.009048795;0.012868845;0.016966757;0.018188067;0.019408342;0.019508149;0.019905984;0.024588947;0.024588947;0.024588947;0.024588947
Cropland management systems;C;High governance (Beyond ABC+);No-till practices;MG;0.003376767;0.012836246;0.018255211;0.02296889;0.023623504;0.024881811;0.025193272;0.02656041;0.043095553;0.043095553;0.043095553;0.043095553
Cropland management systems;C;High governance (Beyond ABC+);No-till practices;ES;1.20969E-05;4.59846E-05;6.53975E-05;0.000139224;0.000197393;0.000226384;0.000255346;0.000389822;0.000637162;0.000637162;0.000637162;0.000637162
Cropland management systems;C;High governance (Beyond ABC+);No-till practices;RJ;1.32506E-05;5.03702E-05;7.16346E-05;0.000109268;0.000130599;0.000143765;0.000181301;0.000356116;0.000550423;0.000550423;0.000550423;0.000550423
Cropland management systems;C;High governance (Beyond ABC+);No-till practices;SP;0.001729122;0.006572983;0.009347842;0.01203246;0.012633262;0.013394079;0.017060582;0.034138624;0.070506039;0.070506039;0.070506039;0.070506039
Cropland management systems;C;High governance (Beyond ABC+);No-till practices;PR;0.013860596;0.052688865;0.074932062;0.078827738;0.066365268;0.064886164;0.064412306;0.061970582;0.065708267;0.065708267;0.065708267;0.065708267
Cropland management systems;C;High governance (Beyond ABC+);No-till practices;SC;0.002835216;0.010777624;0.01532752;0.016155139;0.01363606;0.013346727;0.013091937;0.011854891;0.012540917;0.012540917;0.012540917;0.012540917
Cropland management systems;C;High governance (Beyond ABC+);No-till practices;RS;0.015226554;0.057881339;0.082316597;0.090413784;0.080465859;0.080482426;0.079304012;0.073516589;0.094567273;0.094567273;0.094567273;0.094567273
Cropland management systems;C;High governance (Beyond ABC+);No-till practices;MS;0.004580211;0.017410949;0.024761177;0.03013488;0.030022914;0.031291153;0.031015182;0.029616017;0.045083501;0.045083501;0.045083501;0.045083501
Cropland management systems;C;High governance (Beyond ABC+);No-till practices;MT;0.012175878;0.046284678;0.065824275;0.090479857;0.100349129;0.108179456;0.106154715;0.096316811;0.130162233;0.130162233;0.130162233;0.130162233
Cropland management systems;C;High governance (Beyond ABC+);No-till practices;GO;0.006740178;0.025621722;0.036438219;0.042555734;0.040635725;0.041732256;0.041354306;0.039442068;0.061786471;0.061786471;0.061786471;0.061786471
Cropland management systems;C;High governance (Beyond ABC+);No-till practices;DF;0.000252484;0.000959777;0.001364957;0.001367996;0.001074388;0.001018239;0.001006036;0.000945452;0.00108069;0.00108069;0.00108069;0.00108069
Cropland management systems;C;High governance (Beyond ABC+);Full no-till system;RO;3.93799E-05;0.000149696;0.000212892;0.000475166;0.000686038;0.000789846;0.000843337;0.001090399;0.001542181;0.001542181;0.001542181;0.001542181
Cropland management systems;C;High governance (Beyond ABC+);Full no-till system;AC;5.49135E-06;2.08745E-05;2.96869E-05;3.1245E-05;2.63221E-05;2.57424E-05;4.46302E-05;0.000132759;0.000142079;0.000142079;0.000142079;0.000142079
Cropland management systems;C;High governance (Beyond ABC+);Full no-till system;AM;9.32731E-06;3.54563E-05;5.04246E-05;4.88087E-05;3.6268E-05;3.34508E-05;6.44756E-05;0.000209266;0.000235606;0.000235606;0.000235606;0.000235606
Cropland management systems;C;High governance (Beyond ABC+);Full no-till system;RR;7.2219E-06;2.74529E-05;3.90425E-05;7.09887E-05;9.3825E-05;0.000105917;0.000116122;0.000163412;0.000318841;0.000318841;0.000318841;0.000318841
Cropland management systems;C;High governance (Beyond ABC+);Full no-till system;PA;4.47162E-05;0.000169982;0.000241741;0.000574128;0.000847468;0.000980208;0.001239686;0.002448181;0.004110392;0.004110392;0.004110392;0.004110392
Cropland management systems;C;High governance (Beyond ABC+);Full no-till system;AP;2.33934E-07;8.89264E-07;1.26468E-06;5.268E-06;8.91801E-06;1.05861E-05;2.12829E-05;7.12073E-05;4.34027E-05;4.34027E-05;4.34027E-05;4.34027E-05
Cropland management systems;C;High governance (Beyond ABC+);Full no-till system;TO;0.00010067;0.00038268;0.000544233;0.001144484;0.001614709;0.001849888;0.002026837;0.002846804;0.003876275;0.003876275;0.003876275;0.003876275
Cropland management systems;C;High governance (Beyond ABC+);Full no-till system;MA;0.000279058;0.001060796;0.001508623;0.002590088;0.003322539;0.00372403;0.003703482;0.003594397;0.003653544;0.003653544;0.003653544;0.003653544
Cropland management systems;C;High governance (Beyond ABC+);Full no-till system;PI;0.00010251;0.000389676;0.000554182;0.001329008;0.00196822;0.002278041;0.00247689;0.003397636;0.004082862;0.004082862;0.004082862;0.004082862
Cropland management systems;C;High governance (Beyond ABC+);Full no-till system;CE;6.03917E-05;0.000229569;0.000326485;0.000253356;0.000110722;6.55362E-05;0.000421245;0.002082432;0.001771219;0.001771219;0.001771219;0.001771219
Cropland management systems;C;High governance (Beyond ABC+);Full no-till system;RN;2.58079E-06;9.81048E-06;1.39521E-05;1.49725E-05;1.29413E-05;1.27928E-05;9.85493E-05;0.000499049;0.0005135;0.0005135;0.0005135;0.0005135
Cropland management systems;C;High governance (Beyond ABC+);Full no-till system;PB;8.33332E-06;3.16778E-05;4.50509E-05;3.86847E-05;2.26543E-05;1.80207E-05;0.000124528;0.00062193;0.000648158;0.000648158;0.000648158;0.000648158
Cropland management systems;C;High governance (Beyond ABC+);Full no-till system;PE;3.13256E-05;0.000119079;0.00016935;0.000139978;7.43838E-05;5.46263E-05;0.000230781;0.001053358;0.000773884;0.000773884;0.000773884;0.000773884
Cropland management systems;C;High governance (Beyond ABC+);Full no-till system;AL;1.51306E-05;5.75165E-05;8.17977E-05;7.38674E-05;4.83191E-05;4.14663E-05;0.00017059;0.000773542;0.000569367;0.000569367;0.000569367;0.000569367
Cropland management systems;C;High governance (Beyond ABC+);Full no-till system;SE;1.73619E-06;6.59984E-06;9.38604E-06;1.65836E-05;2.16006E-05;2.43002E-05;4.13424E-05;0.000120856;0.000141818;0.000141818;0.000141818;0.000141818
Cropland management systems;C;High governance (Beyond ABC+);Full no-till system;BA;0.000595105;0.002262199;0.003217211;0.004241689;0.004547017;0.004852085;0.005134471;0.006436332;0.006147237;0.006147237;0.006147237;0.006147237
Cropland management systems;C;High governance (Beyond ABC+);Full no-till system;MG;0.000844192;0.003209061;0.004563803;0.005742222;0.005905876;0.006220453;0.006685698;0.008836828;0.010773888;0.010773888;0.010773888;0.010773888
Cropland management systems;C;High governance (Beyond ABC+);Full no-till system;ES;3.02423E-06;1.14961E-05;1.63494E-05;3.48061E-05;4.93483E-05;5.65959E-05;7.5526E-05;0.000163744;0.000159291;0.000159291;0.000159291;0.000159291
Cropland management systems;C;High governance (Beyond ABC+);Full no-till system;RJ;3.31266E-06;1.25926E-05;1.79086E-05;2.73171E-05;3.26497E-05;3.59412E-05;5.87313E-05;0.000165051;0.000137606;0.000137606;0.000137606;0.000137606
Cropland management systems;C;High governance (Beyond ABC+);Full no-till system;SP;0.00043228;0.001643246;0.002336961;0.003008115;0.003158316;0.00334852;0.005567063;0.015917465;0.01762651;0.01762651;0.01762651;0.01762651
Cropland management systems;C;High governance (Beyond ABC+);Full no-till system;PR;0.003465149;0.013172216;0.018733015;0.019706935;0.016591317;0.016221541;0.016711378;0.018942151;0.016427067;0.016427067;0.016427067;0.016427067
Cropland management systems;C;High governance (Beyond ABC+);Full no-till system;SC;0.000708804;0.002694406;0.00383188;0.004038785;0.003409015;0.003336682;0.003348946;0.00339448;0.003135229;0.003135229;0.003135229;0.003135229
Cropland management systems;C;High governance (Beyond ABC+);Full no-till system;RS;0.003806638;0.014470335;0.020579149;0.022603446;0.020116465;0.020120606;0.020395937;0.021611082;0.023641818;0.023641818;0.023641818;0.023641818
Cropland management systems;C;High governance (Beyond ABC+);Full no-till system;MS;0.001145053;0.004352737;0.006190294;0.00753372;0.007505729;0.007822788;0.008032317;0.008983422;0.011270875;0.011270875;0.011270875;0.011270875
Cropland management systems;C;High governance (Beyond ABC+);Full no-till system;MT;0.00304397;0.011571169;0.016456069;0.022619964;0.025087282;0.027044864;0.027167001;0.027642243;0.032540558;0.032540558;0.032540558;0.032540558
Cropland management systems;C;High governance (Beyond ABC+);Full no-till system;GO;0.001685044;0.00640543;0.009109555;0.010638933;0.010158931;0.010433064;0.010706943;0.011949417;0.015446618;0.015446618;0.015446618;0.015446618
Cropland management systems;C;High governance (Beyond ABC+);Full no-till system;DF;6.31209E-05;0.000239944;0.000341239;0.000341999;0.000268597;0.00025456;0.000259565;0.000282047;0.000270172;0.000270172;0.000270172;0.000270172
Cropland management systems;D;Flat (Constant);Conventional tillage;RO;0.011492547;0.006786248;0.006236809;0.006298414;0.002791344;0.004282052;0.006057351;0.006057351;0.006057351;0.006057351;0.006057351;0.006057351
Cropland management systems;D;Flat (Constant);Conventional tillage;AC;0.002310176;0.001957007;0.001766956;0.001796405;0.001460989;0.000852106;0.000898691;0.000898691;0.000898691;0.000898691;0.000898691;0.000898691
Cropland management systems;D;Flat (Constant);Conventional tillage;AM;0.001308173;0.003120272;0.002744757;0.002243211;0.001492019;0.001423353;0.001511816;0.001511816;0.001511816;0.001511816;0.001511816;0.001511816
Cropland management systems;D;Flat (Constant);Conventional tillage;RR;0.000718744;0.000685638;0.000880796;0.000252373;0.000368979;0.000800919;0.001591506;0.001591506;0.001591506;0.001591506;0.001591506;0.001591506
Cropland management systems;D;Flat (Constant);Conventional tillage;PA;0.020045974;0.023931856;0.017486875;0.011220796;0.011790698;0.01445113;0.020095444;0.020095444;0.020095444;0.020095444;0.020095444;0.020095444
Cropland management systems;D;Flat (Constant);Conventional tillage;AP;0.000107451;0.000184246;0.000251928;0.000362941;0.000454065;0.000503462;0.000254898;0.000254898;0.000254898;0.000254898;0.000254898;0.000254898
Cropland management systems;D;Flat (Constant);Conventional tillage;TO;0.005855327;0.00445013;0.010109311;0.006507568;0.010042501;0.011415283;0.014273138;0.014273138;0.014273138;0.014273138;0.014273138;0.014273138
Cropland management systems;D;Flat (Constant);Conventional tillage;MA;0.041576566;0.021323996;0.022016288;0.019116498;0.01047286;0.004899183;0.006450246;0.006450246;0.006450246;0.006450246;0.006450246;0.006450246
Cropland management systems;D;Flat (Constant);Conventional tillage;PI;0.027527427;0.014627635;0.015777699;0.013927944;0.014716815;0.01312514;0.013383509;0.013383509;0.013383509;0.013383509;0.013383509;0.013383509
Cropland management systems;D;Flat (Constant);Conventional tillage;CE;0.037205816;0.031411127;0.02216765;0.022295801;0.016356119;0.015740073;0.013833124;0.013833124;0.013833124;0.013833124;0.013833124;0.013833124
Cropland management systems;D;Flat (Constant);Conventional tillage;RN;0.010662709;0.006937939;0.005504601;0.003220529;0.003041023;0.003815503;0.003365596;0.003365596;0.003365596;0.003365596;0.003365596;0.003365596
Cropland management systems;D;Flat (Constant);Conventional tillage;PB;0.017683827;0.012382392;0.006718998;0.005204799;0.004374291;0.004835531;0.004347309;0.004347309;0.004347309;0.004347309;0.004347309;0.004347309
Cropland management systems;D;Flat (Constant);Conventional tillage;PE;0.029670169;0.022615628;0.016644851;0.01828036;0.00838664;0.008471101;0.007311647;0.007311647;0.007311647;0.007311647;0.007311647;0.007311647
Cropland management systems;D;Flat (Constant);Conventional tillage;AL;0.017379765;0.014793131;0.009701835;0.009639539;0.00616722;0.005189636;0.00442219;0.00442219;0.00442219;0.00442219;0.00442219;0.00442219
Cropland management systems;D;Flat (Constant);Conventional tillage;SE;0.005787475;0.00465202;0.003795815;0.001868436;0.001430254;0.000829001;0.000906256;0.000906256;0.000906256;0.000906256;0.000906256;0.000906256
Cropland management systems;D;Flat (Constant);Conventional tillage;BA;0.045814332;0.052524539;0.035216597;0.029040924;0.02985732;0.019137768;0.018010995;0.018010995;0.018010995;0.018010995;0.018010995;0.018010995
Cropland management systems;D;Flat (Constant);Conventional tillage;MG;0.071414155;0.048857076;0.041598053;0.036569521;0.034694385;0.031390391;0.034025709;0.034025709;0.034025709;0.034025709;0.034025709;0.034025709
Cropland management systems;D;Flat (Constant);Conventional tillage;ES;0.005401448;0.003259113;0.002707485;0.002400275;0.00168234;0.000875255;0.000886541;0.000886541;0.000886541;0.000886541;0.000886541;0.000886541
Cropland management systems;D;Flat (Constant);Conventional tillage;RJ;0.004987454;0.00446436;0.003761784;0.002998512;0.001522766;0.001042865;0.000857213;0.000857213;0.000857213;0.000857213;0.000857213;0.000857213
Cropland management systems;D;Flat (Constant);Conventional tillage;SP;0.102339423;0.09523713;0.086265975;0.114276445;0.105325876;0.101916755;0.089690303;0.089690303;0.089690303;0.089690303;0.089690303;0.089690303
Cropland management systems;D;Flat (Constant);Conventional tillage;PR;0.139835102;0.106422016;0.062627801;0.053085905;0.05743214;0.048401372;0.031586465;0.031586465;0.031586465;0.031586465;0.031586465;0.031586465
Cropland management systems;D;Flat (Constant);Conventional tillage;SC;0.041204102;0.022367168;0.013222048;0.009476922;0.007939905;0.005682264;0.004563285;0.004563285;0.004563285;0.004563285;0.004563285;0.004563285
Cropland management systems;D;Flat (Constant);Conventional tillage;RS;0.131058643;0.07803291;0.048742074;0.034362912;0.046361114;0.047360668;0.041745283;0.041745283;0.041745283;0.041745283;0.041745283;0.041745283
Cropland management systems;D;Flat (Constant);Conventional tillage;MS;0.035358145;0.023316874;0.018408458;0.008204854;0.013898896;0.023687747;0.028934041;0.028934041;0.028934041;0.028934041;0.028934041;0.028934041
Cropland management systems;D;Flat (Constant);Conventional tillage;MT;0.059912595;0.046273028;0.068713343;0.027869486;0.04784769;0.049409816;0.060703656;0.060703656;0.060703656;0.060703656;0.060703656;0.060703656
Cropland management systems;D;Flat (Constant);Conventional tillage;GO;0.049500901;0.035114336;0.03043475;0.022488179;0.030833151;0.030954238;0.040857976;0.040857976;0.040857976;0.040857976;0.040857976;0.040857976
Cropland management systems;D;Flat (Constant);Conventional tillage;DF;0.00132255;0.000589237;0.000388733;0.000267659;0.000631254;0.000696626;0.00062505;0.00062505;0.00062505;0.00062505;0.00062505;0.00062505
Cropland management systems;D;Flat (Constant);No-till practices;RO;0.000157519;0.000598785;0.00085157;0.001900666;0.002744152;0.003159383;0.003159383;0.003159383;0.003159383;0.003159383;0.003159383;0.003159383
Cropland management systems;D;Flat (Constant);No-till practices;AC;2.19654E-05;8.3498E-05;0.000118748;0.00012498;0.000105288;0.00010297;0.00010297;0.00010297;0.00010297;0.00010297;0.00010297;0.00010297
Cropland management systems;D;Flat (Constant);No-till practices;AM;3.73092E-05;0.000141825;0.000201698;0.000195235;0.000145072;0.000133803;0.000133803;0.000133803;0.000133803;0.000133803;0.000133803;0.000133803
Cropland management systems;D;Flat (Constant);No-till practices;RR;2.88876E-05;0.000109812;0.00015617;0.000283955;0.0003753;0.00042367;0.00042367;0.00042367;0.00042367;0.00042367;0.00042367;0.00042367
Cropland management systems;D;Flat (Constant);No-till practices;PA;0.000178865;0.000679926;0.000966965;0.002296512;0.003389874;0.003920832;0.003920832;0.003920832;0.003920832;0.003920832;0.003920832;0.003920832
Cropland management systems;D;Flat (Constant);No-till practices;AP;9.35737E-07;3.55706E-06;5.05871E-06;2.1072E-05;3.5672E-05;4.23443E-05;4.23443E-05;4.23443E-05;4.23443E-05;4.23443E-05;4.23443E-05;4.23443E-05
Cropland management systems;D;Flat (Constant);No-till practices;TO;0.000402679;0.00153072;0.002176931;0.004577937;0.006458834;0.007399553;0.007399553;0.007399553;0.007399553;0.007399553;0.007399553;0.007399553
Cropland management systems;D;Flat (Constant);No-till practices;MA;0.001116233;0.004243183;0.00603449;0.010360351;0.013290155;0.014896119;0.014896119;0.014896119;0.014896119;0.014896119;0.014896119;0.014896119
Cropland management systems;D;Flat (Constant);No-till practices;PI;0.000410041;0.001558705;0.00221673;0.005316031;0.00787288;0.009112166;0.009112166;0.009112166;0.009112166;0.009112166;0.009112166;0.009112166
Cropland management systems;D;Flat (Constant);No-till practices;CE;0.000241567;0.000918278;0.001305939;0.001013426;0.000442886;0.000262145;0.000262145;0.000262145;0.000262145;0.000262145;0.000262145;0.000262145
Cropland management systems;D;Flat (Constant);No-till practices;RN;1.03232E-05;3.92419E-05;5.58083E-05;5.989E-05;5.17652E-05;5.1171E-05;5.1171E-05;5.1171E-05;5.1171E-05;5.1171E-05;5.1171E-05;5.1171E-05
Cropland management systems;D;Flat (Constant);No-till practices;PB;3.33333E-05;0.000126711;0.000180204;0.000154739;9.06172E-05;7.20828E-05;7.20828E-05;7.20828E-05;7.20828E-05;7.20828E-05;7.20828E-05;7.20828E-05
Cropland management systems;D;Flat (Constant);No-till practices;PE;0.000125302;0.000476317;0.0006774;0.00055991;0.000297535;0.000218505;0.000218505;0.000218505;0.000218505;0.000218505;0.000218505;0.000218505
Cropland management systems;D;Flat (Constant);No-till practices;AL;6.05223E-05;0.000230066;0.000327191;0.00029547;0.000193277;0.000165865;0.000165865;0.000165865;0.000165865;0.000165865;0.000165865;0.000165865
Cropland management systems;D;Flat (Constant);No-till practices;SE;6.94475E-06;2.63994E-05;3.75441E-05;6.63345E-05;8.64023E-05;9.72009E-05;9.72009E-05;9.72009E-05;9.72009E-05;9.72009E-05;9.72009E-05;9.72009E-05
Cropland management systems;D;Flat (Constant);No-till practices;BA;0.002380421;0.009048795;0.012868845;0.016966757;0.018188067;0.019408342;0.019408342;0.019408342;0.019408342;0.019408342;0.019408342;0.019408342
Cropland management systems;D;Flat (Constant);No-till practices;MG;0.003376767;0.012836246;0.018255211;0.02296889;0.023623504;0.024881811;0.024881811;0.024881811;0.024881811;0.024881811;0.024881811;0.024881811
Cropland management systems;D;Flat (Constant);No-till practices;ES;1.20969E-05;4.59846E-05;6.53975E-05;0.000139224;0.000197393;0.000226384;0.000226384;0.000226384;0.000226384;0.000226384;0.000226384;0.000226384
Cropland management systems;D;Flat (Constant);No-till practices;RJ;1.32506E-05;5.03702E-05;7.16346E-05;0.000109268;0.000130599;0.000143765;0.000143765;0.000143765;0.000143765;0.000143765;0.000143765;0.000143765
Cropland management systems;D;Flat (Constant);No-till practices;SP;0.001729122;0.006572983;0.009347842;0.01203246;0.012633262;0.013394079;0.013394079;0.013394079;0.013394079;0.013394079;0.013394079;0.013394079
Cropland management systems;D;Flat (Constant);No-till practices;PR;0.013860596;0.052688865;0.074932062;0.078827738;0.066365268;0.064886164;0.064886164;0.064886164;0.064886164;0.064886164;0.064886164;0.064886164
Cropland management systems;D;Flat (Constant);No-till practices;SC;0.002835216;0.010777624;0.01532752;0.016155139;0.01363606;0.013346727;0.013346727;0.013346727;0.013346727;0.013346727;0.013346727;0.013346727
Cropland management systems;D;Flat (Constant);No-till practices;RS;0.015226554;0.057881339;0.082316597;0.090413784;0.080465859;0.080482426;0.080482426;0.080482426;0.080482426;0.080482426;0.080482426;0.080482426
Cropland management systems;D;Flat (Constant);No-till practices;MS;0.004580211;0.017410949;0.024761177;0.03013488;0.030022914;0.031291153;0.031291153;0.031291153;0.031291153;0.031291153;0.031291153;0.031291153
Cropland management systems;D;Flat (Constant);No-till practices;MT;0.012175878;0.046284678;0.065824275;0.090479857;0.100349129;0.108179456;0.108179456;0.108179456;0.108179456;0.108179456;0.108179456;0.108179456
Cropland management systems;D;Flat (Constant);No-till practices;GO;0.006740178;0.025621722;0.036438219;0.042555734;0.040635725;0.041732256;0.041732256;0.041732256;0.041732256;0.041732256;0.041732256;0.041732256
Cropland management systems;D;Flat (Constant);No-till practices;DF;0.000252484;0.000959777;0.001364957;0.001367996;0.001074388;0.001018239;0.001018239;0.001018239;0.001018239;0.001018239;0.001018239;0.001018239
Cropland management systems;D;Flat (Constant);Full no-till system;RO;3.93799E-05;0.000149696;0.000212892;0.000475166;0.000686038;0.000789846;0.000789846;0.000789846;0.000789846;0.000789846;0.000789846;0.000789846
Cropland management systems;D;Flat (Constant);Full no-till system;AC;5.49135E-06;2.08745E-05;2.96869E-05;3.1245E-05;2.63221E-05;2.57424E-05;2.57424E-05;2.57424E-05;2.57424E-05;2.57424E-05;2.57424E-05;2.57424E-05
Cropland management systems;D;Flat (Constant);Full no-till system;AM;9.32731E-06;3.54563E-05;5.04246E-05;4.88087E-05;3.6268E-05;3.34508E-05;3.34508E-05;3.34508E-05;3.34508E-05;3.34508E-05;3.34508E-05;3.34508E-05
Cropland management systems;D;Flat (Constant);Full no-till system;RR;7.2219E-06;2.74529E-05;3.90425E-05;7.09887E-05;9.3825E-05;0.000105917;0.000105917;0.000105917;0.000105917;0.000105917;0.000105917;0.000105917
Cropland management systems;D;Flat (Constant);Full no-till system;PA;4.47162E-05;0.000169982;0.000241741;0.000574128;0.000847468;0.000980208;0.000980208;0.000980208;0.000980208;0.000980208;0.000980208;0.000980208
Cropland management systems;D;Flat (Constant);Full no-till system;AP;2.33934E-07;8.89264E-07;1.26468E-06;5.268E-06;8.91801E-06;1.05861E-05;1.05861E-05;1.05861E-05;1.05861E-05;1.05861E-05;1.05861E-05;1.05861E-05
Cropland management systems;D;Flat (Constant);Full no-till system;TO;0.00010067;0.00038268;0.000544233;0.001144484;0.001614709;0.001849888;0.001849888;0.001849888;0.001849888;0.001849888;0.001849888;0.001849888
Cropland management systems;D;Flat (Constant);Full no-till system;MA;0.000279058;0.001060796;0.001508623;0.002590088;0.003322539;0.00372403;0.00372403;0.00372403;0.00372403;0.00372403;0.00372403;0.00372403
Cropland management systems;D;Flat (Constant);Full no-till system;PI;0.00010251;0.000389676;0.000554182;0.001329008;0.00196822;0.002278041;0.002278041;0.002278041;0.002278041;0.002278041;0.002278041;0.002278041
Cropland management systems;D;Flat (Constant);Full no-till system;CE;6.03917E-05;0.000229569;0.000326485;0.000253356;0.000110722;6.55362E-05;6.55362E-05;6.55362E-05;6.55362E-05;6.55362E-05;6.55362E-05;6.55362E-05
Cropland management systems;D;Flat (Constant);Full no-till system;RN;2.58079E-06;9.81048E-06;1.39521E-05;1.49725E-05;1.29413E-05;1.27928E-05;1.27928E-05;1.27928E-05;1.27928E-05;1.27928E-05;1.27928E-05;1.27928E-05
Cropland management systems;D;Flat (Constant);Full no-till system;PB;8.33332E-06;3.16778E-05;4.50509E-05;3.86847E-05;2.26543E-05;1.80207E-05;1.80207E-05;1.80207E-05;1.80207E-05;1.80207E-05;1.80207E-05;1.80207E-05
Cropland management systems;D;Flat (Constant);Full no-till system;PE;3.13256E-05;0.000119079;0.00016935;0.000139978;7.43838E-05;5.46263E-05;5.46263E-05;5.46263E-05;5.46263E-05;5.46263E-05;5.46263E-05;5.46263E-05
Cropland management systems;D;Flat (Constant);Full no-till system;AL;1.51306E-05;5.75165E-05;8.17977E-05;7.38674E-05;4.83191E-05;4.14663E-05;4.14663E-05;4.14663E-05;4.14663E-05;4.14663E-05;4.14663E-05;4.14663E-05
Cropland management systems;D;Flat (Constant);Full no-till system;SE;1.73619E-06;6.59984E-06;9.38604E-06;1.65836E-05;2.16006E-05;2.43002E-05;2.43002E-05;2.43002E-05;2.43002E-05;2.43002E-05;2.43002E-05;2.43002E-05
Cropland management systems;D;Flat (Constant);Full no-till system;BA;0.000595105;0.002262199;0.003217211;0.004241689;0.004547017;0.004852085;0.004852085;0.004852085;0.004852085;0.004852085;0.004852085;0.004852085
Cropland management systems;D;Flat (Constant);Full no-till system;MG;0.000844192;0.003209061;0.004563803;0.005742222;0.005905876;0.006220453;0.006220453;0.006220453;0.006220453;0.006220453;0.006220453;0.006220453
Cropland management systems;D;Flat (Constant);Full no-till system;ES;3.02423E-06;1.14961E-05;1.63494E-05;3.48061E-05;4.93483E-05;5.65959E-05;5.65959E-05;5.65959E-05;5.65959E-05;5.65959E-05;5.65959E-05;5.65959E-05
Cropland management systems;D;Flat (Constant);Full no-till system;RJ;3.31266E-06;1.25926E-05;1.79086E-05;2.73171E-05;3.26497E-05;3.59412E-05;3.59412E-05;3.59412E-05;3.59412E-05;3.59412E-05;3.59412E-05;3.59412E-05
Cropland management systems;D;Flat (Constant);Full no-till system;SP;0.00043228;0.001643246;0.002336961;0.003008115;0.003158316;0.00334852;0.00334852;0.00334852;0.00334852;0.00334852;0.00334852;0.00334852
Cropland management systems;D;Flat (Constant);Full no-till system;PR;0.003465149;0.013172216;0.018733015;0.019706935;0.016591317;0.016221541;0.016221541;0.016221541;0.016221541;0.016221541;0.016221541;0.016221541
Cropland management systems;D;Flat (Constant);Full no-till system;SC;0.000708804;0.002694406;0.00383188;0.004038785;0.003409015;0.003336682;0.003336682;0.003336682;0.003336682;0.003336682;0.003336682;0.003336682
Cropland management systems;D;Flat (Constant);Full no-till system;RS;0.003806638;0.014470335;0.020579149;0.022603446;0.020116465;0.020120606;0.020120606;0.020120606;0.020120606;0.020120606;0.020120606;0.020120606
Cropland management systems;D;Flat (Constant);Full no-till system;MS;0.001145053;0.004352737;0.006190294;0.00753372;0.007505729;0.007822788;0.007822788;0.007822788;0.007822788;0.007822788;0.007822788;0.007822788
Cropland management systems;D;Flat (Constant);Full no-till system;MT;0.00304397;0.011571169;0.016456069;0.022619964;0.025087282;0.027044864;0.027044864;0.027044864;0.027044864;0.027044864;0.027044864;0.027044864
Cropland management systems;D;Flat (Constant);Full no-till system;GO;0.001685044;0.00640543;0.009109555;0.010638933;0.010158931;0.010433064;0.010433064;0.010433064;0.010433064;0.010433064;0.010433064;0.010433064
Cropland management systems;D;Flat (Constant);Full no-till system;DF;6.31209E-05;0.000239944;0.000341239;0.000341999;0.000268597;0.00025456;0.00025456;0.00025456;0.00025456;0.00025456;0.00025456;0.00025456
